=================================
point_num = 2065
-11.900000	168.919998	0.000000	
-11.899259	168.917618	0.025000	
-11.897776	168.912842	0.050000	
-11.895553	168.905670	0.075000	
-11.892588	168.896118	0.100000	
-11.888882	168.884186	0.125000	
-11.884435	168.869858	0.150000	
-11.879247	168.853149	0.175000	
-11.873317	168.834045	0.200000	
-11.866647	168.812561	0.225000	
-11.859235	168.788681	0.250000	
-11.851082	168.762421	0.275000	
-11.842188	168.733765	0.300000	
-11.832552	168.702728	0.325000	
-11.822175	168.669296	0.350000	
-11.811058	168.633484	0.375000	
-11.799199	168.595291	0.400000	
-11.786599	168.554688	0.425000	
-11.773257	168.511719	0.450000	
-11.759175	168.466354	0.475000	
-11.744351	168.418594	0.500000	
-11.728786	168.368469	0.525000	
-11.712481	168.315933	0.550000	
-11.695434	168.261017	0.575000	
-11.677645	168.203720	0.600000	
-11.659116	168.144028	0.625000	
-11.639845	168.081955	0.650000	
-11.619833	168.017487	0.675000	
-11.599080	167.950638	0.700000	
-11.577585	167.881393	0.725000	
-11.555350	167.809769	0.750000	
-11.532373	167.735748	0.775000	
-11.508656	167.659348	0.800000	
-11.484197	167.580551	0.825000	
-11.458997	167.499374	0.850000	
-11.433055	167.415802	0.875000	
-11.406372	167.329849	0.900000	
-11.378949	167.241516	0.925000	
-11.350784	167.150787	0.950000	
-11.321877	167.057663	0.975000	
-11.292231	166.962158	1.000000	
-11.262583	166.866653	1.000000	
-11.232936	166.771149	1.000000	
-11.203289	166.675659	1.000000	
-11.173641	166.580154	1.000000	
-11.143994	166.484650	1.000000	
-11.114347	166.389145	1.000000	
-11.084700	166.293640	1.000000	
-11.055053	166.198135	1.000000	
-11.025405	166.102631	1.000000	
-10.995758	166.007126	1.000000	
-10.966110	165.911621	1.000000	
-10.936463	165.816116	1.000000	
-10.906816	165.720612	1.000000	
-10.877169	165.625107	1.000000	
-10.847522	165.529602	1.000000	
-10.817874	165.434097	1.000000	
-10.788227	165.338593	1.000000	
-10.758580	165.243088	1.000000	
-10.728932	165.147583	1.000000	
-10.699286	165.052078	1.000000	
-10.669638	164.956573	1.000000	
-10.639991	164.861069	1.000000	
-10.610344	164.765564	1.000000	
-10.580696	164.670074	1.000000	
-10.551049	164.574570	1.000000	
-10.521401	164.479065	1.000000	
-10.491755	164.383560	1.000000	
-10.462107	164.288055	1.000000	
-10.432460	164.192551	1.000000	
-10.402813	164.097046	1.000000	
-10.373165	164.001541	1.000000	
-10.343518	163.906036	1.000000	
-10.313871	163.810532	1.000000	
-10.284224	163.715027	1.000000	
-10.254577	163.619522	1.000000	
-10.224929	163.524017	1.000000	
-10.195282	163.428513	1.000000	
-10.165635	163.333008	1.000000	
-10.135987	163.237503	1.000000	
-10.106340	163.141998	1.000000	
-10.076693	163.046494	1.000000	
-10.047046	162.950989	1.000000	
-10.017399	162.855484	1.000000	
-9.987751	162.759979	1.000000	
-9.958104	162.664490	1.000000	
-9.928457	162.568985	1.000000	
-9.898809	162.473480	1.000000	
-9.869162	162.377975	1.000000	
-9.839515	162.282471	1.000000	
-9.809868	162.186966	1.000000	
-9.780220	162.091461	1.000000	
-9.750573	161.995956	1.000000	
-9.720926	161.900452	1.000000	
-9.691278	161.804947	1.000000	
-9.661632	161.709442	1.000000	
-9.631984	161.613937	1.000000	
-9.602337	161.518433	1.000000	
-9.572689	161.422928	1.000000	
-9.543042	161.327423	1.000000	
-9.513395	161.231918	1.000000	
-9.483747	161.136414	1.000000	
-9.454100	161.040909	1.000000	
-9.424453	160.945404	1.000000	
-9.394805	160.849899	1.000000	
-9.365158	160.754395	1.000000	
-9.335510	160.658890	1.000000	
-9.305863	160.563385	1.000000	
-9.276216	160.467880	1.000000	
-9.246569	160.372375	1.000000	
-9.216921	160.276871	1.000000	
-9.187273	160.181366	1.000000	
-9.157626	160.085861	1.000000	
-9.127979	159.990356	1.000000	
-9.098331	159.894867	1.000000	
-9.068684	159.799347	1.000000	
-9.039037	159.703857	1.000000	
-9.009389	159.608337	1.000000	
-8.979742	159.512848	1.000000	
-8.950094	159.417343	1.000000	
-8.920447	159.321838	1.000000	
-8.890800	159.226334	1.000000	
-8.861153	159.130829	1.000000	
-8.831505	159.035324	1.000000	
-8.801857	158.939819	1.000000	
-8.772210	158.844315	1.000000	
-8.742563	158.748810	1.000000	
-8.712915	158.653305	1.000000	
-8.683268	158.557800	1.000000	
-8.653621	158.462296	1.000000	
-8.623973	158.366791	1.000000	
-8.594326	158.271286	1.000000	
-8.564678	158.175781	1.000000	
-8.535030	158.080276	1.000000	
-8.505383	157.984772	1.000000	
-8.475736	157.889267	1.000000	
-8.446089	157.793762	1.000000	
-8.416441	157.698257	1.000000	
-8.386794	157.602753	1.000000	
-8.357146	157.507248	1.000000	
-8.327499	157.411743	1.000000	
-8.297852	157.316238	1.000000	
-8.268205	157.220734	1.000000	
-8.238557	157.125229	1.000000	
-8.208910	157.029724	1.000000	
-8.179262	156.934219	1.000000	
-8.149614	156.838715	1.000000	
-8.119967	156.743210	1.000000	
-8.090321	156.647705	1.000000	
-8.060673	156.552200	1.000000	
-8.031025	156.456696	1.000000	
-8.001378	156.361191	1.000000	
-7.971730	156.265686	1.000000	
-7.942083	156.170181	1.000000	
-7.912436	156.074677	1.000000	
-7.882788	155.979172	1.000000	
-7.853140	155.883667	1.000000	
-7.823493	155.788162	1.000000	
-7.793846	155.692657	1.000000	
-7.764198	155.597153	1.000000	
-7.734551	155.501648	1.000000	
-7.704904	155.406143	1.000000	
-7.675256	155.310638	1.000000	
-7.645609	155.215134	1.000000	
-7.615962	155.119629	1.000000	
-7.586314	155.024124	1.000000	
-7.556667	154.928619	1.000000	
-7.527020	154.833115	1.000000	
-7.497372	154.737610	1.000000	
-7.467725	154.642120	1.000000	
-7.438077	154.546600	1.000000	
-7.408430	154.451111	1.000000	
-7.378783	154.355591	1.000000	
-7.349135	154.260101	1.000000	
-7.319488	154.164597	1.000000	
-7.289840	154.069092	1.000000	
-7.260193	153.973587	1.000000	
-7.230546	153.878082	1.000000	
-7.200898	153.782578	1.000000	
-7.171251	153.687073	1.000000	
-7.141603	153.591568	1.000000	
-7.111956	153.496063	1.000000	
-7.082309	153.400558	1.000000	
-7.052661	153.305054	1.000000	
-7.023014	153.209549	1.000000	
-6.993366	153.114044	1.000000	
-6.963719	153.018539	1.000000	
-6.934072	152.923035	1.000000	
-6.904424	152.827530	1.000000	
-6.874777	152.732025	1.000000	
-6.845129	152.636520	1.000000	
-6.840000	152.619995	1.000000	
-6.811452	152.524155	1.000000	
-6.782903	152.428314	1.000000	
-6.754355	152.332474	1.000000	
-6.725806	152.236649	1.000000	
-6.697258	152.140808	1.000000	
-6.668710	152.044968	1.000000	
-6.640161	151.949127	1.000000	
-6.611613	151.853287	1.000000	
-6.583064	151.757446	1.000000	
-6.554516	151.661606	1.000000	
-6.525968	151.565781	1.000000	
-6.497419	151.469940	1.000000	
-6.468871	151.374100	1.000000	
-6.440322	151.278259	1.000000	
-6.411774	151.182419	1.000000	
-6.383225	151.086578	1.000000	
-6.354677	150.990738	1.000000	
-6.326128	150.894897	1.000000	
-6.297580	150.799072	1.000000	
-6.269032	150.703232	1.000000	
-6.240483	150.607391	1.000000	
-6.211935	150.511551	1.000000	
-6.183386	150.415710	1.000000	
-6.154838	150.319870	1.000000	
-6.126289	150.224030	1.000000	
-6.097741	150.128204	1.000000	
-6.069193	150.032364	1.000000	
-6.040644	149.936523	1.000000	
-6.012096	149.840683	1.000000	
-5.983548	149.744843	1.000000	
-5.954999	149.649002	1.000000	
-5.926451	149.553162	1.000000	
-5.897902	149.457336	1.000000	
-5.869354	149.361496	1.000000	
-5.840806	149.265656	1.000000	
-5.812257	149.169815	1.000000	
-5.783709	149.073975	1.000000	
-5.755160	148.978134	1.000000	
-5.726612	148.882294	1.000000	
-5.698063	148.786469	1.000000	
-5.669515	148.690628	1.000000	
-5.640966	148.594788	1.000000	
-5.612418	148.498947	1.000000	
-5.583870	148.403107	1.000000	
-5.555322	148.307266	1.000000	
-5.526773	148.211426	1.000000	
-5.498225	148.115601	1.000000	
-5.469676	148.019760	1.000000	
-5.441128	147.923920	1.000000	
-5.412580	147.828079	1.000000	
-5.384031	147.732239	1.000000	
-5.355483	147.636398	1.000000	
-5.326934	147.540558	1.000000	
-5.298386	147.444733	1.000000	
-5.269837	147.348892	1.000000	
-5.241289	147.253052	1.000000	
-5.212740	147.157211	1.000000	
-5.184192	147.061371	1.000000	
-5.155644	146.965530	1.000000	
-5.127095	146.869690	1.000000	
-5.098547	146.773865	1.000000	
-5.069999	146.678024	1.000000	
-5.041451	146.582184	1.000000	
-5.012902	146.486343	1.000000	
-4.984353	146.390503	1.000000	
-4.955805	146.294662	1.000000	
-4.927257	146.198822	1.000000	
-4.898708	146.102997	1.000000	
-4.870160	146.007156	1.000000	
-4.841611	145.911316	1.000000	
-4.813063	145.815475	1.000000	
-4.784514	145.719635	1.000000	
-4.755966	145.623795	1.000000	
-4.727418	145.527954	1.000000	
-4.698870	145.432129	1.000000	
-4.670321	145.336288	1.000000	
-4.641773	145.240448	1.000000	
-4.613224	145.144608	1.000000	
-4.584676	145.048767	1.000000	
-4.556128	144.952927	1.000000	
-4.527579	144.857101	1.000000	
-4.499031	144.761261	1.000000	
-4.470482	144.665421	1.000000	
-4.441934	144.569580	1.000000	
-4.413385	144.473740	1.000000	
-4.384836	144.377899	1.000000	
-4.356288	144.282059	1.000000	
-4.327739	144.186218	1.000000	
-4.299191	144.090378	1.000000	
-4.270642	143.994553	1.000000	
-4.242094	143.898712	1.000000	
-4.213545	143.802872	1.000000	
-4.184997	143.707031	1.000000	
-4.156448	143.611191	1.000000	
-4.127899	143.515350	1.000000	
-4.099351	143.419510	1.000000	
-4.070803	143.323669	1.000000	
-4.042253	143.227844	1.000000	
-4.013705	143.132004	1.000000	
-3.985157	143.036163	1.000000	
-3.956608	142.940323	1.000000	
-3.928060	142.844482	1.000000	
-3.899511	142.748642	1.000000	
-3.870963	142.652802	1.000000	
-3.842414	142.556961	1.000000	
-3.813865	142.461121	1.000000	
-3.785317	142.365295	1.000000	
-3.756768	142.269455	1.000000	
-3.728220	142.173615	1.000000	
-3.699672	142.077774	1.000000	
-3.671123	141.981934	1.000000	
-3.642574	141.886093	1.000000	
-3.614026	141.790253	1.000000	
-3.585477	141.694412	1.000000	
-3.556929	141.598572	1.000000	
-3.528380	141.502747	1.000000	
-3.499832	141.406906	1.000000	
-3.471283	141.311066	1.000000	
-3.442734	141.215225	1.000000	
-3.414186	141.119385	1.000000	
-3.385638	141.023544	1.000000	
-3.357089	140.927704	1.000000	
-3.328540	140.831863	1.000000	
-3.299992	140.736023	1.000000	
-3.271444	140.640198	1.000000	
-3.242895	140.544357	1.000000	
-3.214346	140.448517	1.000000	
-3.185798	140.352676	1.000000	
-3.157249	140.256836	1.000000	
-3.128701	140.160995	1.000000	
-3.100152	140.065155	1.000000	
-3.071604	139.969315	1.000000	
-3.043055	139.873474	1.000000	
-3.014507	139.777649	1.000000	
-2.985958	139.681808	1.000000	
-2.957409	139.585968	1.000000	
-2.928861	139.490128	1.000000	
-2.900312	139.394287	1.000000	
-2.871764	139.298447	1.000000	
-2.843215	139.202606	1.000000	
-2.814667	139.106766	1.000000	
-2.786119	139.010925	1.000000	
-2.757570	138.915100	1.000000	
-2.729021	138.819260	1.000000	
-2.700472	138.723419	1.000000	
-2.671924	138.627579	1.000000	
-2.643375	138.531738	1.000000	
-2.614827	138.435898	1.000000	
-2.586278	138.340057	1.000000	
-2.557730	138.244232	1.000000	
-2.529181	138.148376	1.000000	
-2.500633	138.052551	1.000000	
-2.472084	137.956711	1.000000	
-2.443536	137.860870	1.000000	
-2.414988	137.765030	1.000000	
-2.386439	137.669189	1.000000	
-2.357890	137.573349	1.000000	
-2.329341	137.477509	1.000000	
-2.300793	137.381668	1.000000	
-2.272244	137.285843	1.000000	
-2.243696	137.190002	1.000000	
-2.215147	137.094162	1.000000	
-2.186599	136.998322	1.000000	
-2.158051	136.902481	1.000000	
-2.129502	136.806641	1.000000	
-2.100953	136.710800	1.000000	
-2.072405	136.614960	1.000000	
-2.043856	136.519135	1.000000	
-2.015308	136.423294	1.000000	
-1.986759	136.327454	1.000000	
-1.958211	136.231613	1.000000	
-1.929662	136.135773	1.000000	
-1.901114	136.039932	1.000000	
-1.872565	135.944092	1.000000	
-1.844017	135.848251	1.000000	
-1.815468	135.752411	1.000000	
-1.786920	135.656586	1.000000	
-1.758371	135.560745	1.000000	
-1.729822	135.464905	1.000000	
-1.701274	135.369064	1.000000	
-1.672725	135.273224	1.000000	
-1.644176	135.177383	1.000000	
-1.615628	135.081543	1.000000	
-1.587080	134.985703	1.000000	
-1.558531	134.889862	1.000000	
-1.529983	134.794037	1.000000	
-1.501434	134.698196	1.000000	
-1.472886	134.602356	1.000000	
-1.444337	134.506516	1.000000	
-1.415789	134.410675	1.000000	
-1.387240	134.314835	1.000000	
-1.358691	134.218994	1.000000	
-1.330143	134.123154	1.000000	
-1.301594	134.027313	1.000000	
-1.273046	133.931488	1.000000	
-1.244497	133.835648	1.000000	
-1.215949	133.739807	1.000000	
-1.187400	133.643967	1.000000	
-1.158852	133.548126	1.000000	
-1.130303	133.452286	1.000000	
-1.101755	133.356445	1.000000	
-1.073206	133.260605	1.000000	
-1.044657	133.164764	1.000000	
-1.016109	133.068939	1.000000	
-0.987561	132.973099	1.000000	
-0.959012	132.877258	1.000000	
-0.930463	132.781418	1.000000	
-0.901915	132.685577	1.000000	
-0.873366	132.589737	1.000000	
-0.844818	132.493896	1.000000	
-0.816269	132.398056	1.000000	
-0.787721	132.302216	1.000000	
-0.759172	132.206390	1.000000	
-0.730624	132.110550	1.000000	
-0.702075	132.014709	1.000000	
-0.673526	131.918869	1.000000	
-0.644978	131.823029	1.000000	
-0.616429	131.727188	1.000000	
-0.587881	131.631348	1.000000	
-0.559332	131.535522	1.000000	
-0.530784	131.439667	1.000000	
-0.502235	131.343842	1.000000	
-0.473687	131.248001	1.000000	
-0.445138	131.152161	1.000000	
-0.416590	131.056320	1.000000	
-0.388041	130.960480	1.000000	
-0.359493	130.864639	1.000000	
-0.330944	130.768799	1.000000	
-0.302395	130.672974	1.000000	
-0.273847	130.577133	1.000000	
-0.245298	130.481293	1.000000	
-0.216750	130.385452	1.000000	
-0.188201	130.289612	1.000000	
-0.159653	130.193771	1.000000	
-0.131104	130.097931	1.000000	
-0.102556	130.002090	1.000000	
-0.074007	129.906250	1.000000	
-0.045458	129.810425	1.000000	
-0.016910	129.714584	1.000000	
0.011638	129.618744	1.000000	
0.040187	129.522903	1.000000	
0.068736	129.427063	1.000000	
0.097284	129.331223	1.000000	
0.125833	129.235382	1.000000	
0.154381	129.139542	1.000000	
0.182930	129.043701	1.000000	
0.211478	128.947876	1.000000	
0.240026	128.852036	1.000000	
0.268576	128.756195	1.000000	
0.297124	128.660355	1.000000	
0.325672	128.564514	1.000000	
0.354221	128.468674	1.000000	
0.382770	128.372833	1.000000	
0.411317	128.276993	1.000000	
0.439867	128.181152	1.000000	
0.468415	128.085327	1.000000	
0.496964	127.989479	1.000000	
0.525512	127.893646	1.000000	
0.554060	127.797806	1.000000	
0.582609	127.701965	1.000000	
0.611157	127.606125	1.000000	
0.639706	127.510284	1.000000	
0.668255	127.414452	1.000000	
0.696803	127.318611	1.000000	
0.725352	127.222771	1.000000	
0.753901	127.126938	1.000000	
0.782449	127.031097	1.000000	
0.810997	126.935257	1.000000	
0.839546	126.839417	1.000000	
0.868095	126.743576	1.000000	
0.896643	126.647736	1.000000	
0.925191	126.551903	1.000000	
0.953741	126.456062	1.000000	
0.982289	126.360222	1.000000	
1.010837	126.264389	1.000000	
1.039386	126.168549	1.000000	
1.067934	126.072708	1.000000	
1.096483	125.976868	1.000000	
1.125031	125.881027	1.000000	
1.153580	125.785187	1.000000	
1.182129	125.689354	1.000000	
1.210677	125.593513	1.000000	
1.239225	125.497681	1.000000	
1.267775	125.401840	1.000000	
1.296323	125.306000	1.000000	
1.324871	125.210159	1.000000	
1.353419	125.114319	1.000000	
1.381968	125.018478	1.000000	
1.410517	124.922646	1.000000	
1.439065	124.826805	1.000000	
1.467614	124.730965	1.000000	
1.496162	124.635124	1.000000	
1.524711	124.539291	1.000000	
1.553260	124.443451	1.000000	
1.581808	124.347610	1.000000	
1.610356	124.251770	1.000000	
1.638906	124.155930	1.000000	
1.667454	124.060089	1.000000	
1.696002	123.964256	1.000000	
1.724550	123.868416	1.000000	
1.753098	123.772583	1.000000	
1.781648	123.676743	1.000000	
1.810196	123.580902	1.000000	
1.838744	123.485062	1.000000	
1.867293	123.389221	1.000000	
1.895842	123.293381	1.000000	
1.924391	123.197548	1.000000	
1.952939	123.101707	1.000000	
1.981487	123.005867	1.000000	
2.010036	122.910034	1.000000	
2.038585	122.814194	1.000000	
2.067134	122.718353	1.000000	
2.095681	122.622513	1.000000	
2.124229	122.526672	1.000000	
2.152779	122.430832	1.000000	
2.181327	122.334999	1.000000	
2.209875	122.239159	1.000000	
2.238424	122.143318	1.000000	
2.266973	122.047485	1.000000	
2.295521	121.951645	1.000000	
2.324069	121.855812	1.000000	
2.352616	121.759972	1.000000	
2.381165	121.664131	1.000000	
2.409713	121.568298	1.000000	
2.438261	121.472458	1.000000	
2.466808	121.376625	1.000000	
2.495357	121.280785	1.000000	
2.523905	121.184952	1.000000	
2.552452	121.089111	1.000000	
2.581000	120.993279	1.000000	
2.609549	120.897438	1.000000	
2.638097	120.801605	1.000000	
2.666644	120.705765	1.000000	
2.695192	120.609924	1.000000	
2.723741	120.514091	1.000000	
2.752289	120.418259	1.000000	
2.780836	120.322418	1.000000	
2.809384	120.226578	1.000000	
2.837933	120.130745	1.000000	
2.866480	120.034912	1.000000	
2.895028	119.939072	1.000000	
2.923576	119.843231	1.000000	
2.952125	119.747391	1.000000	
2.980673	119.651558	1.000000	
3.009220	119.555725	1.000000	
3.037768	119.459885	1.000000	
3.066317	119.364044	1.000000	
3.094865	119.268211	1.000000	
3.123413	119.172379	1.000000	
3.151961	119.076538	1.000000	
3.180509	118.980698	1.000000	
3.209057	118.884865	1.000000	
3.237605	118.789032	1.000000	
3.266153	118.693192	1.000000	
3.294701	118.597351	1.000000	
3.323249	118.501518	1.000000	
3.351797	118.405685	1.000000	
3.380344	118.309845	1.000000	
3.408893	118.214005	1.000000	
3.437441	118.118172	1.000000	
3.465989	118.022339	1.000000	
3.494536	117.926498	1.000000	
3.523085	117.830658	1.000000	
3.551633	117.734818	1.000000	
3.580181	117.638985	1.000000	
3.608728	117.543152	1.000000	
3.637277	117.447311	1.000000	
3.665825	117.351471	1.000000	
3.694372	117.255638	1.000000	
3.722920	117.159805	1.000000	
3.751469	117.063965	1.000000	
3.780017	116.968124	1.000000	
3.808564	116.872284	1.000000	
3.837112	116.776451	1.000000	
3.865661	116.680618	1.000000	
3.894208	116.584778	1.000000	
3.922756	116.488937	1.000000	
3.951304	116.393105	1.000000	
3.979853	116.297272	1.000000	
4.008400	116.201431	1.000000	
4.036948	116.105591	1.000000	
4.065496	116.009758	1.000000	
4.094045	115.913925	1.000000	
4.122592	115.818085	1.000000	
4.151140	115.722244	1.000000	
4.179688	115.626411	1.000000	
4.208236	115.530579	1.000000	
4.236784	115.434738	1.000000	
4.265332	115.338898	1.000000	
4.293880	115.243065	1.000000	
4.322428	115.147232	1.000000	
4.350976	115.051392	1.000000	
4.379524	114.955551	1.000000	
4.408072	114.859711	1.000000	
4.436620	114.763878	1.000000	
4.465168	114.668045	1.000000	
4.493716	114.572205	1.000000	
4.522264	114.476364	1.000000	
4.550812	114.380531	1.000000	
4.579360	114.284698	1.000000	
4.607908	114.188858	1.000000	
4.636456	114.093018	1.000000	
4.665004	113.997177	1.000000	
4.693552	113.901344	1.000000	
4.722100	113.805511	1.000000	
4.750648	113.709671	1.000000	
4.779196	113.613831	1.000000	
4.807744	113.517998	1.000000	
4.836292	113.422165	1.000000	
4.864841	113.326324	1.000000	
4.893389	113.230492	1.000000	
4.921936	113.134659	1.000000	
4.950484	113.038818	1.000000	
4.979033	112.942978	1.000000	
5.007581	112.847137	1.000000	
5.036128	112.751305	1.000000	
5.064676	112.655472	1.000000	
5.093225	112.559631	1.000000	
5.121773	112.463791	1.000000	
5.150320	112.367958	1.000000	
5.178868	112.272125	1.000000	
5.207417	112.176285	1.000000	
5.235965	112.080444	1.000000	
5.264512	111.984604	1.000000	
5.293060	111.888771	1.000000	
5.321609	111.792938	1.000000	
5.350156	111.697098	1.000000	
5.378704	111.601257	1.000000	
5.407252	111.505424	1.000000	
5.435801	111.409592	1.000000	
5.464348	111.313751	1.000000	
5.492896	111.217911	1.000000	
5.521444	111.122078	1.000000	
5.549992	111.026237	1.000000	
5.578540	110.930405	1.000000	
5.607088	110.834564	1.000000	
5.635636	110.738724	1.000000	
5.664184	110.642899	1.000000	
5.692732	110.547058	1.000000	
5.721280	110.451218	1.000000	
5.749828	110.355385	1.000000	
5.778376	110.259552	1.000000	
5.806924	110.163712	1.000000	
5.835472	110.067871	1.000000	
5.864019	109.972031	1.000000	
5.892568	109.876198	1.000000	
5.921116	109.780365	1.000000	
5.949664	109.684525	1.000000	
5.978211	109.588684	1.000000	
6.006760	109.492851	1.000000	
6.035308	109.397018	1.000000	
6.063855	109.301178	1.000000	
6.092403	109.205338	1.000000	
6.120952	109.109497	1.000000	
6.149500	109.013664	1.000000	
6.178047	108.917831	1.000000	
6.206595	108.821991	1.000000	
6.235144	108.726151	1.000000	
6.263692	108.630318	1.000000	
6.292239	108.534485	1.000000	
6.320787	108.438644	1.000000	
6.349336	108.342804	1.000000	
6.377883	108.246971	1.000000	
6.406431	108.151138	1.000000	
6.434979	108.055298	1.000000	
6.463528	107.959457	1.000000	
6.492075	107.863625	1.000000	
6.520623	107.767792	1.000000	
6.549171	107.671951	1.000000	
6.577720	107.576111	1.000000	
6.606268	107.480278	1.000000	
6.634815	107.384445	1.000000	
6.663363	107.288605	1.000000	
6.691912	107.192764	1.000000	
6.720460	107.096924	1.000000	
6.749008	107.001091	1.000000	
6.777556	106.905258	1.000000	
6.806104	106.809418	1.000000	
6.834652	106.713577	1.000000	
6.863200	106.617744	1.000000	
6.891747	106.521912	1.000000	
6.920296	106.426071	1.000000	
6.948844	106.330231	1.000000	
6.977392	106.234390	1.000000	
7.005939	106.138557	1.000000	
7.034488	106.042725	1.000000	
7.063035	105.946884	1.000000	
7.091583	105.851044	1.000000	
7.120131	105.755211	1.000000	
7.148680	105.659378	1.000000	
7.177228	105.563538	1.000000	
7.205776	105.467697	1.000000	
7.234324	105.371864	1.000000	
7.262871	105.276031	1.000000	
7.291419	105.180191	1.000000	
7.319967	105.084351	1.000000	
7.348516	104.988518	1.000000	
7.377064	104.892685	1.000000	
7.405612	104.796844	1.000000	
7.434160	104.701004	1.000000	
7.462707	104.605171	1.000000	
7.491255	104.509338	1.000000	
7.519803	104.413498	1.000000	
7.548351	104.317657	1.000000	
7.576900	104.221817	1.000000	
7.605448	104.125984	1.000000	
7.633996	104.030151	1.000000	
7.662544	103.934311	1.000000	
7.691091	103.838470	1.000000	
7.719639	103.742638	1.000000	
7.748187	103.646805	1.000000	
7.776735	103.550964	1.000000	
7.805284	103.455124	1.000000	
7.833832	103.359283	1.000000	
7.862380	103.263451	1.000000	
7.890926	103.167618	1.000000	
7.919475	103.071777	1.000000	
7.948023	102.975937	1.000000	
7.976571	102.880104	1.000000	
8.005119	102.784271	1.000000	
8.033668	102.688431	1.000000	
8.062216	102.592590	1.000000	
8.090762	102.496765	1.000000	
8.119310	102.400925	1.000000	
8.147859	102.305084	1.000000	
8.176407	102.209244	1.000000	
8.204955	102.113411	1.000000	
8.233503	102.017578	1.000000	
8.262052	101.921738	1.000000	
8.290599	101.825897	1.000000	
8.319147	101.730064	1.000000	
8.347695	101.634232	1.000000	
8.376243	101.538391	1.000000	
8.404791	101.442551	1.000000	
8.433339	101.346710	1.000000	
8.461887	101.250877	1.000000	
8.490436	101.155045	1.000000	
8.518983	101.059204	1.000000	
8.547531	100.963364	1.000000	
8.576079	100.867531	1.000000	
8.604628	100.771698	1.000000	
8.633176	100.675858	1.000000	
8.661724	100.580017	1.000000	
8.690272	100.484184	1.000000	
8.718819	100.388344	1.000000	
8.747367	100.292511	1.000000	
8.775915	100.196671	1.000000	
8.804463	100.100830	1.000000	
8.833012	100.005005	1.000000	
8.861560	99.909164	1.000000	
8.890108	99.813324	1.000000	
8.918654	99.717491	1.000000	
8.947203	99.621658	1.000000	
8.975751	99.525818	1.000000	
9.004299	99.429977	1.000000	
9.032847	99.334137	1.000000	
9.061396	99.238304	1.000000	
9.089944	99.142471	1.000000	
9.118490	99.046631	1.000000	
9.147038	98.950790	1.000000	
9.175587	98.854958	1.000000	
9.204134	98.759125	1.000000	
9.232683	98.663284	1.000000	
9.261230	98.567444	1.000000	
9.289780	98.471603	1.000000	
9.318327	98.375771	1.000000	
9.346874	98.279938	1.000000	
9.375423	98.184097	1.000000	
9.403971	98.088257	1.000000	
9.432520	97.992424	1.000000	
9.461067	97.896591	1.000000	
9.489614	97.800751	1.000000	
9.518164	97.704910	1.000000	
9.546711	97.609077	1.000000	
9.575258	97.513237	1.000000	
9.603807	97.417404	1.000000	
9.632355	97.321564	1.000000	
9.660904	97.225731	1.000000	
9.689451	97.129898	1.000000	
9.718000	97.034058	1.000000	
9.746546	96.938217	1.000000	
9.775095	96.842377	1.000000	
9.803642	96.746552	1.000000	
9.832191	96.650711	1.000000	
9.860739	96.554871	1.000000	
9.889288	96.459030	1.000000	
9.917835	96.363205	1.000000	
9.946383	96.267365	1.000000	
9.974930	96.171524	1.000000	
10.003479	96.075684	1.000000	
10.032026	95.979843	1.000000	
10.060575	95.884018	1.000000	
10.089123	95.788177	1.000000	
10.117672	95.692337	1.000000	
10.146219	95.596497	1.000000	
10.174767	95.500671	1.000000	
10.203314	95.404831	1.000000	
10.231863	95.308990	1.000000	
10.260410	95.213150	1.000000	
10.288960	95.117310	1.000000	
10.317507	95.021484	1.000000	
10.346056	94.925644	1.000000	
10.374601	94.829803	1.000000	
10.403151	94.733971	1.000000	
10.431698	94.638138	1.000000	
10.460247	94.542297	1.000000	
10.488794	94.446457	1.000000	
10.517344	94.350624	1.000000	
10.545891	94.254791	1.000000	
10.574438	94.158951	1.000000	
10.602985	94.063110	1.000000	
10.631535	93.967278	1.000000	
10.660082	93.871437	1.000000	
10.688631	93.775604	1.000000	
10.717178	93.679764	1.000000	
10.745728	93.583931	1.000000	
10.774273	93.488091	1.000000	
10.802822	93.392258	1.000000	
10.831369	93.296417	1.000000	
10.859919	93.200577	1.000000	
10.888466	93.104744	1.000000	
10.917015	93.008904	1.000000	
10.945562	92.913071	1.000000	
10.974112	92.817230	1.000000	
11.002659	92.721397	1.000000	
11.031206	92.625557	1.000000	
11.059753	92.529724	1.000000	
11.088303	92.433884	1.000000	
11.116850	92.338051	1.000000	
11.145399	92.242210	1.000000	
11.173946	92.146378	1.000000	
11.202494	92.050537	1.000000	
11.231043	91.954697	1.000000	
11.259590	91.858871	1.000000	
11.288139	91.763031	1.000000	
11.316687	91.667191	1.000000	
11.345236	91.571350	1.000000	
11.373783	91.475525	1.000000	
11.402330	91.379684	1.000000	
11.430878	91.283844	1.000000	
11.459427	91.188004	1.000000	
11.487974	91.092163	1.000000	
11.516523	90.996338	1.000000	
11.545071	90.900497	1.000000	
11.573620	90.804657	1.000000	
11.602165	90.708817	1.000000	
11.630714	90.612991	1.000000	
11.659262	90.517151	1.000000	
11.687811	90.421310	1.000000	
11.716358	90.325470	1.000000	
11.744907	90.229630	1.000000	
11.773455	90.133804	1.000000	
11.802004	90.037964	1.000000	
11.830549	89.942123	1.000000	
11.859098	89.846283	1.000000	
11.887646	89.750458	1.000000	
11.916195	89.654617	1.000000	
11.944742	89.558777	1.000000	
11.973291	89.462936	1.000000	
12.001839	89.367104	1.000000	
12.030386	89.271271	1.000000	
12.058933	89.175430	1.000000	
12.087482	89.079597	1.000000	
12.116030	88.983757	1.000000	
12.144579	88.887924	1.000000	
12.173126	88.792084	1.000000	
12.201675	88.696251	1.000000	
12.230221	88.600410	1.000000	
12.258770	88.504578	1.000000	
12.287317	88.408737	1.000000	
12.315866	88.312897	1.000000	
12.344414	88.217064	1.000000	
12.372963	88.121223	1.000000	
12.401510	88.025391	1.000000	
12.430058	87.929550	1.000000	
12.458605	87.833717	1.000000	
12.487154	87.737877	1.000000	
12.515701	87.642044	1.000000	
12.544250	87.546204	1.000000	
12.572798	87.450371	1.000000	
12.601347	87.354530	1.000000	
12.629894	87.258690	1.000000	
12.658442	87.162857	1.000000	
12.686989	87.067017	1.000000	
12.715538	86.971184	1.000000	
12.744085	86.875343	1.000000	
12.772635	86.779510	1.000000	
12.801182	86.683670	1.000000	
12.829731	86.587837	1.000000	
12.858278	86.491997	1.000000	
12.886826	86.396156	1.000000	
12.915375	86.300323	1.000000	
12.943922	86.204483	1.000000	
12.972469	86.108650	1.000000	
13.001019	86.012810	1.000000	
13.029566	85.916977	1.000000	
13.058113	85.821136	1.000000	
13.086662	85.725304	1.000000	
13.115210	85.629463	1.000000	
13.143759	85.533630	1.000000	
13.172306	85.437790	1.000000	
13.200855	85.341957	1.000000	
13.229403	85.246124	1.000000	
13.257950	85.150284	1.000000	
13.286497	85.054451	1.000000	
13.315046	84.958611	1.000000	
13.343594	84.862778	1.000000	
13.372143	84.766937	1.000000	
13.400690	84.671104	1.000000	
13.429239	84.575264	1.000000	
13.457787	84.479424	1.000000	
13.486334	84.383591	1.000000	
13.514881	84.287750	1.000000	
13.543430	84.191917	1.000000	
13.571978	84.096077	1.000000	
13.600527	84.000244	1.000000	
13.629074	83.904404	1.000000	
13.657623	83.808571	1.000000	
13.686169	83.712730	1.000000	
13.714718	83.616898	1.000000	
13.743265	83.521057	1.000000	
13.771814	83.425217	1.000000	
13.800362	83.329384	1.000000	
13.828911	83.233543	1.000000	
13.857458	83.137711	1.000000	
13.886005	83.041870	1.000000	
13.914553	82.946037	1.000000	
13.943102	82.850197	1.000000	
13.971649	82.754364	1.000000	
14.000198	82.658524	1.000000	
14.028746	82.562683	1.000000	
14.057295	82.466850	1.000000	
14.085840	82.371010	1.000000	
14.114389	82.275177	1.000000	
14.142937	82.179337	1.000000	
14.171486	82.083504	1.000000	
14.200033	81.987663	1.000000	
14.228582	81.891830	1.000000	
14.257130	81.795990	1.000000	
14.285679	81.700157	1.000000	
14.314224	81.604317	1.000000	
14.342773	81.508476	1.000000	
14.371321	81.412643	1.000000	
14.399870	81.316803	1.000000	
14.428417	81.220970	1.000000	
14.456966	81.125130	1.000000	
14.485514	81.029297	1.000000	
14.514061	80.933456	1.000000	
14.542608	80.837624	1.000000	
14.571157	80.741783	1.000000	
14.599705	80.645943	1.000000	
14.628254	80.550110	1.000000	
14.656801	80.454269	1.000000	
14.685350	80.358437	1.000000	
14.713898	80.262596	1.000000	
14.742445	80.166763	1.000000	
14.770994	80.070930	1.000000	
14.799541	79.975090	1.000000	
14.828091	79.879257	1.000000	
14.856638	79.783417	1.000000	
14.885185	79.687584	1.000000	
14.913733	79.591743	1.000000	
14.942282	79.495911	1.000000	
14.970829	79.400070	1.000000	
14.999378	79.304237	1.000000	
15.027925	79.208397	1.000000	
15.056475	79.112564	1.000000	
15.085022	79.016724	1.000000	
15.113571	78.920891	1.000000	
15.142117	78.825050	1.000000	
15.170666	78.729210	1.000000	
15.199213	78.633377	1.000000	
15.227762	78.537537	1.000000	
15.256310	78.441704	1.000000	
15.284859	78.345863	1.000000	
15.313406	78.250031	1.000000	
15.341953	78.154190	1.000000	
15.370501	78.058357	1.000000	
15.399050	77.962517	1.000000	
15.427597	77.866684	1.000000	
15.456146	77.770844	1.000000	
15.484694	77.675003	1.000000	
15.513243	77.579170	1.000000	
15.541788	77.483330	1.000000	
15.570337	77.387497	1.000000	
15.598885	77.291656	1.000000	
15.627434	77.195824	1.000000	
15.655981	77.099983	1.000000	
15.684530	77.004150	1.000000	
15.713078	76.908310	1.000000	
15.741625	76.812477	1.000000	
15.770172	76.716637	1.000000	
15.798721	76.620796	1.000000	
15.827269	76.524963	1.000000	
15.855818	76.429123	1.000000	
15.884365	76.333290	1.000000	
15.912914	76.237450	1.000000	
15.941462	76.141617	1.000000	
15.970009	76.045776	1.000000	
15.998556	75.949944	1.000000	
16.027105	75.854103	1.000000	
16.055653	75.758263	1.000000	
16.084202	75.662430	1.000000	
16.112749	75.566589	1.000000	
16.141298	75.470757	1.000000	
16.169844	75.374916	1.000000	
16.198393	75.279083	1.000000	
16.226940	75.183243	1.000000	
16.255489	75.087410	1.000000	
16.284037	74.991570	1.000000	
16.312586	74.895737	1.000000	
16.341133	74.799896	1.000000	
16.369680	74.704063	1.000000	
16.398228	74.608223	1.000000	
16.426777	74.512390	1.000000	
16.455324	74.416557	1.000000	
16.483873	74.320717	1.000000	
16.512421	74.224884	1.000000	
16.540970	74.129044	1.000000	
16.569517	74.033211	1.000000	
16.598064	73.937370	1.000000	
16.626614	73.841530	1.000000	
16.655161	73.745697	1.000000	
16.683710	73.649857	1.000000	
16.712257	73.554024	1.000000	
16.740805	73.458183	1.000000	
16.769354	73.362350	1.000000	
16.797901	73.266510	1.000000	
16.826448	73.170677	1.000000	
16.854998	73.074837	1.000000	
16.883545	72.979004	1.000000	
16.912094	72.883163	1.000000	
16.940641	72.787323	1.000000	
16.969191	72.691490	1.000000	
16.997736	72.595650	1.000000	
17.026285	72.499817	1.000000	
17.054832	72.403976	1.000000	
17.083382	72.308144	1.000000	
17.111929	72.212303	1.000000	
17.140478	72.116470	1.000000	
17.169025	72.020630	1.000000	
17.197573	71.924789	1.000000	
17.226120	71.828957	1.000000	
17.254669	71.733116	1.000000	
17.283216	71.637283	1.000000	
17.311766	71.541443	1.000000	
17.340313	71.445610	1.000000	
17.368862	71.349770	1.000000	
17.397408	71.253937	1.000000	
17.425957	71.158096	1.000000	
17.454504	71.062263	1.000000	
17.483053	70.966423	1.000000	
17.511600	70.870583	1.000000	
17.540150	70.774750	1.000000	
17.568697	70.678909	1.000000	
17.597246	70.583076	1.000000	
17.625792	70.487236	1.000000	
17.654341	70.391403	1.000000	
17.682888	70.295563	1.000000	
17.711437	70.199730	1.000000	
17.739985	70.103889	1.000000	
17.768534	70.008049	1.000000	
17.797081	69.912216	1.000000	
17.825628	69.816376	1.000000	
17.854176	69.720543	1.000000	
17.882725	69.624702	1.000000	
17.911272	69.528870	1.000000	
17.939821	69.433037	1.000000	
17.968369	69.337196	1.000000	
17.996918	69.241364	1.000000	
18.025463	69.145523	1.000000	
18.054012	69.049690	1.000000	
18.082560	68.953850	1.000000	
18.111109	68.858017	1.000000	
18.139656	68.762177	1.000000	
18.168205	68.666344	1.000000	
18.196753	68.570503	1.000000	
18.225300	68.474670	1.000000	
18.253849	68.378830	1.000000	
18.282396	68.282997	1.000000	
18.310944	68.187157	1.000000	
18.339493	68.091316	1.000000	
18.368040	67.995483	1.000000	
18.396589	67.899643	1.000000	
18.425137	67.803810	1.000000	
18.453684	67.707970	1.000000	
18.482233	67.612137	1.000000	
18.510780	67.516296	1.000000	
18.539330	67.420464	1.000000	
18.567877	67.324623	1.000000	
18.596426	67.228790	1.000000	
18.624973	67.132950	1.000000	
18.653521	67.037109	1.000000	
18.682068	66.941277	1.000000	
18.710617	66.845436	1.000000	
18.739164	66.749603	1.000000	
18.767714	66.653763	1.000000	
18.796261	66.557930	1.000000	
18.824810	66.462090	1.000000	
18.853355	66.366257	1.000000	
18.881905	66.270416	1.000000	
18.910452	66.174576	1.000000	
18.939001	66.078743	1.000000	
18.967548	65.982903	1.000000	
18.996098	65.887070	1.000000	
19.024645	65.791229	1.000000	
19.053192	65.695396	1.000000	
19.081739	65.599556	1.000000	
19.110289	65.503723	1.000000	
19.138836	65.407883	1.000000	
19.167385	65.312050	1.000000	
19.195932	65.216209	1.000000	
19.224482	65.120369	1.000000	
19.253027	65.024536	1.000000	
19.281576	64.928696	1.000000	
19.310123	64.832863	1.000000	
19.338673	64.737022	1.000000	
19.367220	64.641190	1.000000	
19.395769	64.545349	1.000000	
19.424316	64.449516	1.000000	
19.452866	64.353676	1.000000	
19.481411	64.257843	1.000000	
19.509960	64.162003	1.000000	
19.538507	64.066170	1.000000	
19.567057	63.970329	1.000000	
19.595604	63.874496	1.000000	
19.624153	63.778664	1.000000	
19.652700	63.682823	1.000000	
19.681248	63.586990	1.000000	
19.709795	63.491150	1.000000	
19.738344	63.395317	1.000000	
19.766891	63.299477	1.000000	
19.795441	63.203636	1.000000	
19.823988	63.107803	1.000000	
19.852537	63.011963	1.000000	
19.881083	62.916130	1.000000	
19.909632	62.820290	1.000000	
19.938179	62.724457	1.000000	
19.966728	62.628616	1.000000	
19.995275	62.532784	1.000000	
20.023825	62.436943	1.000000	
20.052372	62.341110	1.000000	
20.080919	62.245270	1.000000	
20.109468	62.149429	1.000000	
20.138016	62.053596	1.000000	
20.166565	61.957756	1.000000	
20.195112	61.861923	1.000000	
20.223660	61.766083	1.000000	
20.252209	61.670250	1.000000	
20.280756	61.574409	1.000000	
20.309303	61.478577	1.000000	
20.337852	61.382736	1.000000	
20.366400	61.286896	1.000000	
20.394949	61.191063	1.000000	
20.423496	61.095222	1.000000	
20.452045	60.999390	1.000000	
20.480593	60.903549	1.000000	
20.509140	60.807716	1.000000	
20.537687	60.711876	1.000000	
20.566236	60.616043	1.000000	
20.594784	60.520203	1.000000	
20.623333	60.424370	1.000000	
20.651880	60.328529	1.000000	
20.680429	60.232689	1.000000	
20.708975	60.136856	1.000000	
20.737524	60.041016	1.000000	
20.766071	59.945183	1.000000	
20.794621	59.849342	1.000000	
20.823168	59.753510	1.000000	
20.851717	59.657669	1.000000	
20.880264	59.561836	1.000000	
20.908812	59.465996	1.000000	
20.937359	59.370155	1.000000	
20.965908	59.274323	1.000000	
20.994457	59.178482	1.000000	
21.023005	59.082649	1.000000	
21.051550	58.986809	1.000000	
21.080101	58.890976	1.000000	
21.108646	58.795143	1.000000	
21.137197	58.699303	1.000000	
21.165743	58.603470	1.000000	
21.194294	58.507629	1.000000	
21.222839	58.411797	1.000000	
21.251387	58.315956	1.000000	
21.279936	58.220123	1.000000	
21.308483	58.124283	1.000000	
21.337032	58.028450	1.000000	
21.365580	57.932610	1.000000	
21.394129	57.836777	1.000000	
21.422676	57.740936	1.000000	
21.451221	57.645103	1.000000	
21.479773	57.549263	1.000000	
21.508318	57.453423	1.000000	
21.536869	57.357590	1.000000	
21.565414	57.261749	1.000000	
21.593966	57.165916	1.000000	
21.622511	57.070076	1.000000	
21.651058	56.974243	1.000000	
21.679607	56.878403	1.000000	
21.708155	56.782570	1.000000	
21.736704	56.686729	1.000000	
21.765251	56.590897	1.000000	
21.793800	56.495056	1.000000	
21.822348	56.399216	1.000000	
21.850895	56.303383	1.000000	
21.879444	56.207542	1.000000	
21.907991	56.111710	1.000000	
21.936541	56.015869	1.000000	
21.965088	55.920036	1.000000	
21.993637	55.824196	1.000000	
22.022184	55.728363	1.000000	
22.050730	55.632523	1.000000	
22.079279	55.536682	1.000000	
22.107826	55.440849	1.000000	
22.136375	55.345009	1.000000	
22.164923	55.249176	1.000000	
22.193472	55.153336	1.000000	
22.222019	55.057503	1.000000	
22.250568	54.961662	1.000000	
22.279116	54.865829	1.000000	
22.307663	54.769989	1.000000	
22.336212	54.674156	1.000000	
22.364759	54.578316	1.000000	
22.393309	54.482475	1.000000	
22.421856	54.386642	1.000000	
22.450405	54.290802	1.000000	
22.478952	54.194969	1.000000	
22.507498	54.099129	1.000000	
22.536049	54.003296	1.000000	
22.564594	53.907455	1.000000	
22.593145	53.811623	1.000000	
22.621691	53.715782	1.000000	
22.650242	53.619949	1.000000	
22.678787	53.524109	1.000000	
22.707335	53.428276	1.000000	
22.735884	53.332436	1.000000	
22.764431	53.236603	1.000000	
22.792980	53.140770	1.000000	
22.821527	53.044930	1.000000	
22.850077	52.949097	1.000000	
22.878624	52.853256	1.000000	
22.907169	52.757423	1.000000	
22.935720	52.661583	1.000000	
22.964266	52.565742	1.000000	
22.992817	52.469910	1.000000	
23.021362	52.374069	1.000000	
23.049913	52.278236	1.000000	
23.078459	52.182396	1.000000	
23.107006	52.086563	1.000000	
23.135555	51.990723	1.000000	
23.164103	51.894890	1.000000	
23.192652	51.799049	1.000000	
23.221199	51.703217	1.000000	
23.249748	51.607376	1.000000	
23.278296	51.511536	1.000000	
23.306841	51.415703	1.000000	
23.335392	51.319862	1.000000	
23.363937	51.224030	1.000000	
23.392488	51.128189	1.000000	
23.421034	51.032356	1.000000	
23.449585	50.936516	1.000000	
23.478130	50.840683	1.000000	
23.506678	50.744843	1.000000	
23.535227	50.649002	1.000000	
23.563774	50.553169	1.000000	
23.592323	50.457329	1.000000	
23.620871	50.361496	1.000000	
23.649420	50.265656	1.000000	
23.677967	50.169823	1.000000	
23.706514	50.073982	1.000000	
23.735064	49.978149	1.000000	
23.763611	49.882309	1.000000	
23.792160	49.786476	1.000000	
23.820707	49.690636	1.000000	
23.849257	49.594795	1.000000	
23.877804	49.498962	1.000000	
23.906353	49.403122	1.000000	
23.934900	49.307289	1.000000	
23.963446	49.211449	1.000000	
23.991995	49.115616	1.000000	
24.020542	49.019775	1.000000	
24.049091	48.923943	1.000000	
24.077639	48.828102	1.000000	
24.106188	48.732262	1.000000	
24.134735	48.636429	1.000000	
24.163282	48.540588	1.000000	
24.191832	48.444756	1.000000	
24.220379	48.348915	1.000000	
24.248928	48.253082	1.000000	
24.277475	48.157242	1.000000	
24.306025	48.061409	1.000000	
24.334572	47.965576	1.000000	
24.363117	47.869736	1.000000	
24.391668	47.773903	1.000000	
24.420214	47.678062	1.000000	
24.448765	47.582230	1.000000	
24.477310	47.486389	1.000000	
24.505861	47.390556	1.000000	
24.534407	47.294716	1.000000	
24.562954	47.198883	1.000000	
24.591503	47.103043	1.000000	
24.620050	47.007210	1.000000	
24.648600	46.911369	1.000000	
24.677147	46.815529	1.000000	
24.705696	46.719696	1.000000	
24.734243	46.623856	1.000000	
24.762789	46.528023	1.000000	
24.791340	46.432182	1.000000	
24.819885	46.336349	1.000000	
24.848436	46.240509	1.000000	
24.876982	46.144676	1.000000	
24.905533	46.048836	1.000000	
24.934078	45.953003	1.000000	
24.962626	45.857162	1.000000	
24.991175	45.761322	1.000000	
25.019722	45.665489	1.000000	
25.048271	45.569649	1.000000	
25.076818	45.473816	1.000000	
25.105368	45.377975	1.000000	
25.133915	45.282143	1.000000	
25.162460	45.186302	1.000000	
25.191010	45.090469	1.000000	
25.219559	44.994629	1.000000	
25.248108	44.898788	1.000000	
25.276653	44.802956	1.000000	
25.305202	44.707115	1.000000	
25.333752	44.611282	1.000000	
25.362297	44.515442	1.000000	
25.390846	44.419609	1.000000	
25.419395	44.323769	1.000000	
25.447945	44.227936	1.000000	
25.476490	44.132095	1.000000	
25.505039	44.036263	1.000000	
25.533585	43.940422	1.000000	
25.562138	43.844582	1.000000	
25.590683	43.748749	1.000000	
25.619228	43.652908	1.000000	
25.647778	43.557076	1.000000	
25.676327	43.461235	1.000000	
25.704876	43.365402	1.000000	
25.733421	43.269562	1.000000	
25.761971	43.173729	1.000000	
25.790520	43.077888	1.000000	
25.819065	42.982056	1.000000	
25.847614	42.886215	1.000000	
25.876163	42.790382	1.000000	
25.904713	42.694542	1.000000	
25.933258	42.598709	1.000000	
25.961807	42.502869	1.000000	
25.990356	42.407036	1.000000	
26.018902	42.311203	1.000000	
26.047451	42.215363	1.000000	
26.075996	42.119530	1.000000	
26.104549	42.023689	1.000000	
26.133095	41.927849	1.000000	
26.161644	41.832016	1.000000	
26.190189	41.736176	1.000000	
26.218739	41.640343	1.000000	
26.247288	41.544502	1.000000	
26.275833	41.448669	1.000000	
26.304382	41.352837	1.000000	
26.332932	41.256989	1.000000	
26.361481	41.161156	1.000000	
26.390026	41.065323	1.000000	
26.418571	40.969475	1.000000	
26.447124	40.873642	1.000000	
26.475670	40.777809	1.000000	
26.504219	40.681976	1.000000	
26.532764	40.586128	1.000000	
26.561317	40.490295	1.000000	
26.589863	40.394463	1.000000	
26.618408	40.298630	1.000000	
26.646957	40.202782	1.000000	
26.675507	40.106949	1.000000	
26.704056	40.011116	1.000000	
26.732601	39.915268	1.000000	
26.761150	39.819435	1.000000	
26.789700	39.723602	1.000000	
26.818245	39.627769	1.000000	
26.846794	39.531921	1.000000	
26.875340	39.436089	1.000000	
26.903893	39.340256	1.000000	
26.932438	39.244423	1.000000	
26.960987	39.148575	1.000000	
26.989532	39.052742	1.000000	
27.018082	38.956909	1.000000	
27.046631	38.861061	1.000000	
27.075176	38.765228	1.000000	
27.103725	38.669395	1.000000	
27.132275	38.573563	1.000000	
27.160824	38.477715	1.000000	
27.189369	38.381882	1.000000	
27.217918	38.286049	1.000000	
27.246468	38.190216	1.000000	
27.275013	38.094368	1.000000	
27.303562	37.998535	1.000000	
27.332111	37.902702	1.000000	
27.360661	37.806862	1.000000	
27.389206	37.711021	1.000000	
27.417755	37.615189	1.000000	
27.446301	37.519356	1.000000	
27.474850	37.423515	1.000000	
27.503399	37.327682	1.000000	
27.531944	37.231842	1.000000	
27.560493	37.136002	1.000000	
27.589043	37.040169	1.000000	
27.617592	36.944336	1.000000	
27.646137	36.848503	1.000000	
27.674686	36.752655	1.000000	
27.703236	36.656822	1.000000	
27.731781	36.560989	1.000000	
27.760330	36.465157	1.000000	
27.788879	36.369308	1.000000	
27.817429	36.273476	1.000000	
27.845974	36.177643	1.000000	
27.874519	36.081795	1.000000	
27.903072	35.985962	1.000000	
27.931618	35.890129	1.000000	
27.960167	35.794296	1.000000	
27.988712	35.698448	1.000000	
28.017265	35.602615	1.000000	
28.045811	35.506783	1.000000	
28.074356	35.410950	1.000000	
28.102905	35.315102	1.000000	
28.131454	35.219269	1.000000	
28.160004	35.123436	1.000000	
28.188549	35.027588	1.000000	
28.217098	34.931755	1.000000	
28.245647	34.835922	1.000000	
28.274193	34.740089	1.000000	
28.302742	34.644241	1.000000	
28.331287	34.548409	1.000000	
28.359840	34.452576	1.000000	
28.388386	34.356743	1.000000	
28.416935	34.260895	1.000000	
28.445480	34.165062	1.000000	
28.474030	34.069229	1.000000	
28.502579	33.973381	1.000000	
28.531124	33.877548	1.000000	
28.559673	33.781715	1.000000	
28.588223	33.685883	1.000000	
28.616772	33.590034	1.000000	
28.645317	33.494202	1.000000	
28.673862	33.398369	1.000000	
28.702415	33.302521	1.000000	
28.730961	33.206688	1.000000	
28.759510	33.110855	1.000000	
28.788055	33.015022	1.000000	
28.816608	32.919174	1.000000	
28.845154	32.823341	1.000000	
28.873699	32.727509	1.000000	
28.902248	32.631676	1.000000	
28.930798	32.535828	1.000000	
28.959347	32.439995	1.000000	
28.987892	32.344162	1.000000	
29.016441	32.248322	1.000000	
29.044991	32.152489	1.000000	
29.073540	32.056648	1.000000	
29.102085	31.960815	1.000000	
29.130634	31.864975	1.000000	
29.159184	31.769142	1.000000	
29.187729	31.673309	1.000000	
29.216278	31.577469	1.000000	
29.244827	31.481628	1.000000	
29.273376	31.385796	1.000000	
29.301922	31.289963	1.000000	
29.330467	31.194115	1.000000	
29.359016	31.098282	1.000000	
29.387566	31.002449	1.000000	
29.416115	30.906616	1.000000	
29.444660	30.810768	1.000000	
29.473209	30.714935	1.000000	
29.501759	30.619102	1.000000	
29.530304	30.523270	1.000000	
29.558853	30.427422	1.000000	
29.587402	30.331589	1.000000	
29.615952	30.235756	1.000000	
29.644497	30.139908	1.000000	
29.673046	30.044075	1.000000	
29.701595	29.948242	1.000000	
29.730141	29.852409	1.000000	
29.758694	29.756561	1.000000	
29.787243	29.660713	1.000000	
29.815792	29.564865	1.000000	
29.844341	29.469025	1.000000	
29.872894	29.373177	1.000000	
29.901443	29.277344	1.000000	
29.929993	29.181496	1.000000	
29.958542	29.085648	1.000000	
29.987091	28.989799	1.000000	
30.015644	28.893959	1.000000	
30.044193	28.798126	1.000000	
30.072742	28.702278	1.000000	
30.101295	28.606430	1.000000	
30.129845	28.510582	1.000000	
30.158394	28.414734	1.000000	
30.186943	28.318893	1.000000	
30.215496	28.223061	1.000000	
30.244045	28.127213	1.000000	
30.272594	28.031364	1.000000	
30.301144	27.935516	1.000000	
30.329693	27.839668	1.000000	
30.358246	27.743828	1.000000	
30.386795	27.647995	1.000000	
30.415348	27.552147	1.000000	
30.443897	27.456299	1.000000	
30.472446	27.360451	1.000000	
30.500996	27.264603	1.000000	
30.529545	27.168762	1.000000	
30.558098	27.072929	1.000000	
30.586647	26.977081	1.000000	
30.615196	26.881233	1.000000	
30.643745	26.785385	1.000000	
30.672295	26.689537	1.000000	
30.700848	26.593697	1.000000	
30.729401	26.497864	1.000000	
30.757950	26.402016	1.000000	
30.786499	26.306168	1.000000	
30.815048	26.210320	1.000000	
30.843597	26.114471	1.000000	
30.872150	26.018639	1.000000	
30.900700	25.922798	1.000000	
30.929249	25.826950	1.000000	
30.957798	25.731102	1.000000	
30.986347	25.635254	1.000000	
31.014896	25.539406	1.000000	
31.043449	25.443573	1.000000	
31.072002	25.347733	1.000000	
31.100552	25.251884	1.000000	
31.129101	25.156036	1.000000	
31.157650	25.060188	1.000000	
31.186199	24.964340	1.000000	
31.214752	24.868507	1.000000	
31.243301	24.772659	1.000000	
31.271851	24.676819	1.000000	
31.300400	24.580963	1.000000	
31.328949	24.485123	1.000000	
31.357498	24.389282	1.000000	
31.386051	24.293442	1.000000	
31.414604	24.197601	1.000000	
31.443153	24.101746	1.000000	
31.471703	24.005905	1.000000	
31.500252	23.910065	1.000000	
31.528801	23.814224	1.000000	
31.557354	23.718384	1.000000	
31.585903	23.622528	1.000000	
31.614452	23.526688	1.000000	
31.643002	23.430832	1.000000	
31.671551	23.334991	1.000000	
31.700104	23.239166	1.000000	
31.728653	23.143311	1.000000	
31.757206	23.047470	1.000000	
31.785755	22.951614	1.000000	
31.814304	22.855774	1.000000	
31.842854	22.759933	1.000000	
31.871403	22.664093	1.000000	
31.899956	22.568253	1.000000	
31.928505	22.472397	1.000000	
31.957054	22.376556	1.000000	
31.985603	22.280701	1.000000	
32.014156	22.184860	1.000000	
32.042706	22.089035	1.000000	
32.071259	21.993179	1.000000	
32.099808	21.897339	1.000000	
32.128357	21.801483	1.000000	
32.156906	21.705643	1.000000	
32.185455	21.609802	1.000000	
32.214005	21.513962	1.000000	
32.242558	21.418121	1.000000	
32.271107	21.322266	1.000000	
32.299656	21.226425	1.000000	
32.328205	21.130569	1.000000	
32.356758	21.034744	1.000000	
32.385307	20.938904	1.000000	
32.413860	20.843048	1.000000	
32.442410	20.747208	1.000000	
32.470959	20.651352	1.000000	
32.499508	20.555511	1.000000	
32.528057	20.459671	1.000000	
32.556606	20.363831	1.000000	
32.585159	20.267990	1.000000	
32.613708	20.172134	1.000000	
32.642258	20.076294	1.000000	
32.670811	19.980438	1.000000	
32.699360	19.884613	1.000000	
32.727909	19.788757	1.000000	
32.756462	19.692917	1.000000	
32.785011	19.597076	1.000000	
32.813560	19.501221	1.000000	
32.842110	19.405396	1.000000	
32.870659	19.309540	1.000000	
32.899208	19.213699	1.000000	
32.927761	19.117859	1.000000	
32.956310	19.022003	1.000000	
32.984863	18.926163	1.000000	
33.013412	18.830322	1.000000	
33.041962	18.734482	1.000000	
33.070511	18.638626	1.000000	
33.099064	18.542786	1.000000	
33.127613	18.446945	1.000000	
33.156162	18.351089	1.000000	
33.184711	18.255264	1.000000	
33.213261	18.159409	1.000000	
33.241810	18.063568	1.000000	
33.270363	17.967728	1.000000	
33.298912	17.871872	1.000000	
33.327465	17.776031	1.000000	
33.356014	17.680191	1.000000	
33.384563	17.584351	1.000000	
33.413113	17.488495	1.000000	
33.441666	17.392654	1.000000	
33.470215	17.296814	1.000000	
33.498764	17.200958	1.000000	
33.527313	17.105133	1.000000	
33.555862	17.009277	1.000000	
33.584412	16.913437	1.000000	
33.612965	16.817596	1.000000	
33.641518	16.721741	1.000000	
33.670067	16.625916	1.000000	
33.698616	16.530060	1.000000	
33.727165	16.434219	1.000000	
33.755714	16.338364	1.000000	
33.784267	16.242523	1.000000	
33.812817	16.146683	1.000000	
33.841366	16.050842	1.000000	
33.869915	15.955002	1.000000	
33.898464	15.859146	1.000000	
33.927013	15.763306	1.000000	
33.955570	15.667465	1.000000	
33.984119	15.571609	1.000000	
34.012669	15.475784	1.000000	
34.041218	15.379929	1.000000	
34.069767	15.284088	1.000000	
34.098316	15.188232	1.000000	
34.126869	15.092392	1.000000	
34.155418	14.996552	1.000000	
34.183968	14.900711	1.000000	
34.212517	14.804871	1.000000	
34.241066	14.709015	1.000000	
34.269619	14.613174	1.000000	
34.298172	14.517334	1.000000	
34.326721	14.421494	1.000000	
34.355270	14.325653	1.000000	
34.383820	14.229797	1.000000	
34.412369	14.133957	1.000000	
34.440918	14.038101	1.000000	
34.469471	13.942261	1.000000	
34.498020	13.846436	1.000000	
34.526569	13.750580	1.000000	
34.555119	13.654739	1.000000	
34.583668	13.558884	1.000000	
34.612221	13.463043	1.000000	
34.640774	13.367203	1.000000	
34.669323	13.271362	1.000000	
34.697872	13.175522	1.000000	
34.726421	13.079666	1.000000	
34.754971	12.983826	1.000000	
34.783520	12.887970	1.000000	
34.812073	12.792130	1.000000	
34.840622	12.696304	1.000000	
34.869171	12.600449	1.000000	
34.897720	12.504608	1.000000	
34.926273	12.408752	1.000000	
34.954823	12.312912	1.000000	
34.983376	12.217072	1.000000	
35.011925	12.121231	1.000000	
35.040474	12.025391	1.000000	
35.069023	11.929535	1.000000	
35.097572	11.833694	1.000000	
35.126122	11.737839	1.000000	
35.154675	11.642014	1.000000	
35.183224	11.546158	1.000000	
35.211773	11.450317	1.000000	
35.261391	11.278413	1.000000	
35.283371	11.193959	1.000000	
35.303871	11.109136	1.000000	
35.322891	11.023967	1.000000	
35.340420	10.938479	1.000000	
35.356453	10.852698	1.000000	
35.370987	10.766651	1.000000	
35.384018	10.680363	1.000000	
35.395542	10.593861	1.000000	
35.405556	10.507171	1.000000	
35.414051	10.420319	1.000000	
35.421032	10.333332	1.000000	
35.426495	10.246237	1.000000	
35.430435	10.159060	1.000000	
35.432854	10.071827	1.000000	
35.433750	9.984565	1.000000	
35.433121	9.897301	1.000000	
35.430969	9.810061	1.000000	
35.427296	9.722872	1.000000	
35.422100	9.635760	1.000000	
35.415386	9.548753	1.000000	
35.407154	9.461875	1.000000	
35.397408	9.375154	1.000000	
35.386150	9.288617	1.000000	
35.373383	9.202290	1.000000	
35.359112	9.116198	1.000000	
35.343342	9.030368	1.000000	
35.326077	8.944827	1.000000	
35.307320	8.859600	1.000000	
35.287079	8.774714	1.000000	
35.265358	8.690193	1.000000	
35.242165	8.606065	1.000000	
35.217506	8.522354	1.000000	
35.191391	8.439087	1.000000	
35.163826	8.356288	1.000000	
35.134823	8.273982	1.000000	
35.104385	8.192195	1.000000	
35.072525	8.110951	1.000000	
35.039253	8.030276	1.000000	
35.004578	7.950194	1.000000	
34.968510	7.870730	1.000000	
34.931061	7.791907	1.000000	
34.892242	7.713749	1.000000	
34.852066	7.636281	1.000000	
34.810543	7.559526	1.000000	
34.767689	7.483508	1.000000	
34.723515	7.408248	1.000000	
34.678032	7.333772	1.000000	
34.631256	7.260100	1.000000	
34.583202	7.187256	1.000000	
34.533886	7.115262	1.000000	
34.483318	7.044139	1.000000	
34.431519	6.973910	1.000000	
34.378502	6.904596	1.000000	
34.324284	6.836217	1.000000	
34.268879	6.768795	1.000000	
34.212307	6.702351	1.000000	
34.154583	6.636903	1.000000	
34.095726	6.572474	1.000000	
34.035751	6.509081	1.000000	
33.974682	6.446744	1.000000	
33.912533	6.385483	1.000000	
33.849323	6.325316	1.000000	
33.785072	6.266261	1.000000	
33.719803	6.208336	1.000000	
33.653530	6.151560	1.000000	
33.586277	6.095948	1.000000	
33.518066	6.041519	1.000000	
33.448914	5.988289	1.000000	
33.378845	5.936274	1.000000	
33.307877	5.885489	1.000000	
33.236034	5.835950	1.000000	
33.163338	5.787673	1.000000	
33.089809	5.740673	1.000000	
33.015472	5.694962	1.000000	
32.940350	5.650556	1.000000	
32.864464	5.607467	1.000000	
32.787838	5.565710	1.000000	
32.710495	5.525296	1.000000	
32.632458	5.486238	1.000000	
32.553749	5.448548	1.000000	
32.474396	5.412238	1.000000	
32.394421	5.377317	1.000000	
32.313847	5.343799	1.000000	
32.232700	5.311691	1.000000	
32.151009	5.281004	1.000000	
32.068794	5.251748	1.000000	
31.986080	5.223931	1.000000	
31.902893	5.197562	1.000000	
31.819258	5.172649	1.000000	
31.735201	5.149199	1.000000	
31.650747	5.127220	1.000000	
31.565924	5.106718	1.000000	
31.480755	5.087699	1.000000	
31.395267	5.070170	1.000000	
31.309486	5.054135	1.000000	
31.197306	4.960813	1.000000	
31.098507	4.945354	1.000000	
30.999710	4.929895	1.000000	
30.900911	4.914435	1.000000	
30.802114	4.898976	1.000000	
30.703316	4.883517	1.000000	
30.604519	4.868058	1.000000	
30.505720	4.852599	1.000000	
30.406923	4.837140	1.000000	
30.308125	4.821681	1.000000	
30.209328	4.806221	1.000000	
30.110529	4.790762	1.000000	
30.011732	4.775303	1.000000	
29.912933	4.759844	1.000000	
29.814137	4.744385	1.000000	
29.715338	4.728926	1.000000	
29.616539	4.713466	1.000000	
29.517742	4.698007	1.000000	
29.418943	4.682548	1.000000	
29.320147	4.667089	1.000000	
29.221348	4.651630	1.000000	
29.122551	4.636170	1.000000	
29.023754	4.620711	1.000000	
28.924955	4.605252	1.000000	
28.826157	4.589793	1.000000	
28.727360	4.574334	1.000000	
28.628563	4.558875	1.000000	
28.529764	4.543416	1.000000	
28.430965	4.527956	1.000000	
28.332169	4.512497	1.000000	
28.233372	4.497038	1.000000	
28.134573	4.481579	1.000000	
28.035776	4.466120	1.000000	
27.936977	4.450661	1.000000	
27.838181	4.435202	1.000000	
27.739382	4.419743	1.000000	
27.640585	4.404284	1.000000	
27.541786	4.388824	1.000000	
27.442989	4.373365	1.000000	
27.344191	4.357906	1.000000	
27.245394	4.342447	1.000000	
27.146595	4.326988	1.000000	
27.047798	4.311528	1.000000	
26.948999	4.296069	1.000000	
26.850203	4.280610	1.000000	
26.751404	4.265151	1.000000	
26.652607	4.249692	1.000000	
26.553808	4.234233	1.000000	
26.455011	4.218773	1.000000	
26.356213	4.203314	1.000000	
26.257416	4.187855	1.000000	
26.158619	4.172396	1.000000	
26.059820	4.156937	1.000000	
25.961023	4.141478	1.000000	
25.862225	4.126019	1.000000	
25.763428	4.110559	1.000000	
25.664629	4.095100	1.000000	
25.565832	4.079641	1.000000	
25.467033	4.064182	1.000000	
25.368237	4.048723	1.000000	
25.269438	4.033264	1.000000	
25.170641	4.017805	1.000000	
25.071842	4.002346	1.000000	
24.973045	3.986886	1.000000	
24.874247	3.971427	1.000000	
24.775450	3.955968	1.000000	
24.676651	3.940509	1.000000	
24.577854	3.925050	1.000000	
24.479055	3.909591	1.000000	
24.380259	3.894131	1.000000	
24.281460	3.878672	1.000000	
24.182663	3.863213	1.000000	
24.083866	3.847754	1.000000	
23.985067	3.832295	1.000000	
23.886269	3.816836	1.000000	
23.787472	3.801376	1.000000	
23.688675	3.785917	1.000000	
23.589876	3.770458	1.000000	
23.491079	3.754999	1.000000	
23.392281	3.739540	1.000000	
23.293484	3.724081	1.000000	
23.194687	3.708622	1.000000	
23.095886	3.693162	1.000000	
22.997089	3.677703	1.000000	
22.898291	3.662244	1.000000	
22.799492	3.646785	1.000000	
22.700695	3.631326	1.000000	
22.601896	3.615866	1.000000	
22.503098	3.600407	1.000000	
22.404301	3.584948	1.000000	
22.305500	3.569489	1.000000	
22.206703	3.554029	1.000000	
22.107906	3.538570	1.000000	
22.009106	3.523111	1.000000	
21.910309	3.507652	1.000000	
21.811510	3.492193	1.000000	
21.712711	3.476733	1.000000	
21.613914	3.461274	1.000000	
21.515116	3.445815	1.000000	
21.416317	3.430356	1.000000	
21.317518	3.414896	1.000000	
21.218719	3.399437	1.000000	
21.119923	3.383978	1.000000	
21.021126	3.368519	1.000000	
20.922325	3.353060	1.000000	
20.823528	3.337600	1.000000	
20.724730	3.322141	1.000000	
20.625931	3.306682	1.000000	
20.527134	3.291223	1.000000	
20.428335	3.275764	1.000000	
20.329536	3.260304	1.000000	
20.230740	3.244845	1.000000	
20.131939	3.229386	1.000000	
20.033142	3.213927	1.000000	
19.934345	3.198467	1.000000	
19.835546	3.183008	1.000000	
19.736748	3.167549	1.000000	
19.637951	3.152090	1.000000	
19.539150	3.136631	1.000000	
19.440353	3.121171	1.000000	
19.341555	3.105712	1.000000	
19.242756	3.090253	1.000000	
19.143959	3.074794	1.000000	
19.045158	3.059334	1.000000	
18.946362	3.043875	1.000000	
18.847563	3.028416	1.000000	
18.748764	3.012957	1.000000	
18.649967	2.997498	1.000000	
18.551170	2.982038	1.000000	
18.452370	2.966579	1.000000	
18.353573	2.951120	1.000000	
18.254774	2.935661	1.000000	
18.155975	2.920201	1.000000	
18.057178	2.904742	1.000000	
17.958380	2.889283	1.000000	
17.859581	2.873824	1.000000	
17.760784	2.858364	1.000000	
17.661983	2.842905	1.000000	
17.563187	2.827446	1.000000	
17.464390	2.811987	1.000000	
17.365589	2.796528	1.000000	
17.266792	2.781068	1.000000	
17.167994	2.765609	1.000000	
17.069195	2.750150	1.000000	
16.970398	2.734691	1.000000	
16.871599	2.719231	1.000000	
16.772800	2.703772	1.000000	
16.674004	2.688313	1.000000	
16.575203	2.672854	1.000000	
16.476406	2.657394	1.000000	
16.377607	2.641935	1.000000	
16.278811	2.626476	1.000000	
16.180012	2.611017	1.000000	
16.081215	2.595558	1.000000	
15.982415	2.580098	1.000000	
15.883617	2.564639	1.000000	
15.784819	2.549180	1.000000	
15.686020	2.533721	1.000000	
15.587222	2.518262	1.000000	
15.488423	2.502802	1.000000	
15.389626	2.487343	1.000000	
15.290827	2.471884	1.000000	
15.192028	2.456425	1.000000	
15.093231	2.440966	1.000000	
14.994432	2.425506	1.000000	
14.895636	2.410047	1.000000	
14.796837	2.394588	1.000000	
14.698038	2.379129	1.000000	
14.599239	2.363669	1.000000	
14.500443	2.348210	1.000000	
14.401644	2.332751	1.000000	
14.302845	2.317291	1.000000	
14.204046	2.301832	1.000000	
14.105247	2.286373	1.000000	
14.006451	2.270914	1.000000	
13.907652	2.255455	1.000000	
13.808855	2.239995	1.000000	
13.710056	2.224536	1.000000	
13.611258	2.209077	1.000000	
13.512459	2.193618	1.000000	
13.413662	2.178159	1.000000	
13.314863	2.162699	1.000000	
13.216064	2.147240	1.000000	
13.117266	2.131781	1.000000	
13.018469	2.116322	1.000000	
12.919670	2.100863	1.000000	
12.820871	2.085403	1.000000	
12.722073	2.069944	1.000000	
12.623276	2.054485	1.000000	
12.524477	2.039026	1.000000	
12.425678	2.023566	1.000000	
12.326880	2.008107	1.000000	
12.228081	1.992648	1.000000	
12.129284	1.977189	1.000000	
12.030487	1.961730	1.000000	
11.931688	1.946270	1.000000	
11.832891	1.930811	1.000000	
11.734093	1.915352	1.000000	
11.635294	1.899893	1.000000	
11.536495	1.884434	1.000000	
11.437696	1.868974	1.000000	
11.338900	1.853515	1.000000	
11.240101	1.838056	1.000000	
11.141302	1.822597	1.000000	
11.042503	1.807137	1.000000	
10.943707	1.791678	1.000000	
10.844908	1.776219	1.000000	
10.746109	1.760760	1.000000	
10.647310	1.745301	1.000000	
10.548513	1.729841	1.000000	
10.449715	1.714382	1.000000	
10.350916	1.698923	1.000000	
10.252117	1.683464	1.000000	
10.153318	1.668004	1.000000	
10.054522	1.652545	1.000000	
9.955723	1.637086	1.000000	
9.856924	1.621627	1.000000	
9.758125	1.606167	1.000000	
9.659328	1.590708	1.000000	
9.560532	1.575249	1.000000	
9.461733	1.559790	1.000000	
9.362934	1.544331	1.000000	
9.264137	1.528871	1.000000	
9.165339	1.513412	1.000000	
9.066540	1.497953	1.000000	
8.967741	1.482494	1.000000	
8.868944	1.467035	1.000000	
8.770145	1.451575	1.000000	
8.671347	1.436116	1.000000	
8.572548	1.420657	1.000000	
8.473749	1.405198	1.000000	
8.374952	1.389738	1.000000	
8.276154	1.374279	1.000000	
8.177355	1.358820	1.000000	
8.078556	1.343361	1.000000	
7.979759	1.327902	1.000000	
7.880960	1.312442	1.000000	
7.782162	1.296983	1.000000	
7.683363	1.281524	1.000000	
7.584566	1.266065	1.000000	
7.485767	1.250605	1.000000	
7.386969	1.235146	1.000000	
7.288170	1.219687	1.000000	
7.189371	1.204228	1.000000	
7.090576	1.188768	1.000000	
6.991777	1.173309	1.000000	
6.892979	1.157850	1.000000	
6.794182	1.142391	1.000000	
6.695383	1.126931	1.000000	
6.596584	1.111472	1.000000	
6.497786	1.096013	1.000000	
6.398987	1.080554	1.000000	
6.300190	1.065095	1.000000	
6.201391	1.049635	1.000000	
6.102592	1.034176	1.000000	
6.003794	1.018717	1.000000	
5.904997	1.003258	1.000000	
5.806198	0.987799	1.000000	
5.707399	0.972339	1.000000	
5.608601	0.956880	1.000000	
5.509804	0.941421	1.000000	
5.411005	0.925961	1.000000	
5.312206	0.910502	1.000000	
5.213408	0.895043	1.000000	
5.117080	0.879971	0.975000	
5.023221	0.865285	0.950000	
4.931834	0.850985	0.925000	
4.842916	0.837071	0.900000	
4.756467	0.823545	0.875000	
4.672489	0.810404	0.850000	
4.590981	0.797651	0.825000	
4.511943	0.785283	0.800000	
4.435374	0.773302	0.775000	
4.361276	0.761708	0.750000	
4.289647	0.750500	0.725000	
4.220489	0.739679	0.700000	
4.153800	0.729244	0.675000	
4.089581	0.719195	0.650000	
4.027833	0.709533	0.625000	
3.968554	0.700258	0.600000	
3.911746	0.691369	0.575000	
3.857407	0.682866	0.550000	
3.805538	0.674750	0.525000	
3.756139	0.667021	0.500000	
3.709210	0.659678	0.475000	
3.664751	0.652721	0.450000	
3.622761	0.646151	0.425000	
3.583242	0.639967	0.400000	
3.546193	0.634170	0.375000	
3.511614	0.628759	0.350000	
3.479504	0.623735	0.325000	
3.449865	0.619097	0.300000	
3.422696	0.614846	0.275000	
3.397996	0.610981	0.250000	
3.375766	0.607503	0.225000	
3.356007	0.604411	0.200000	
3.338717	0.601706	0.175000	
3.323897	0.599387	0.150000	
3.311548	0.597454	0.125000	
3.301668	0.595908	0.100000	
3.294258	0.594749	0.075000	
3.289318	0.593976	0.050000	
3.286848	0.593589	0.025000	
3.286848	0.593589	0.000000	
