=================================
point_num = 2065
3.200000	0.580000	0.000000	
3.202470	0.580386	0.025000	
3.207410	0.581159	0.050000	
3.214820	0.582319	0.075000	
3.224699	0.583865	0.100000	
3.237049	0.585797	0.125000	
3.251869	0.588116	0.150000	
3.269159	0.590821	0.175000	
3.288918	0.593913	0.200000	
3.311148	0.597392	0.225000	
3.335847	0.601256	0.250000	
3.363017	0.605508	0.275000	
3.392656	0.610145	0.300000	
3.424765	0.615170	0.325000	
3.459344	0.620580	0.350000	
3.496394	0.626377	0.375000	
3.535913	0.632561	0.400000	
3.577902	0.639131	0.425000	
3.622361	0.646088	0.450000	
3.669290	0.653431	0.475000	
3.718689	0.661161	0.500000	
3.770558	0.669277	0.525000	
3.824897	0.677779	0.550000	
3.881705	0.686668	0.575000	
3.940984	0.695944	0.600000	
4.002733	0.705606	0.625000	
4.066951	0.715654	0.650000	
4.133640	0.726089	0.675000	
4.202798	0.736910	0.700000	
4.274426	0.748118	0.725000	
4.348525	0.759713	0.750000	
4.425094	0.771694	0.775000	
4.504131	0.784061	0.800000	
4.585640	0.796815	0.825000	
4.669618	0.809955	0.850000	
4.756066	0.823482	0.875000	
4.844984	0.837395	0.900000	
4.936372	0.851695	0.925000	
5.030230	0.866381	0.950000	
5.126558	0.881454	0.975000	
5.225355	0.896913	1.000000	
5.324153	0.912372	1.000000	
5.422951	0.927831	1.000000	
5.521749	0.943290	1.000000	
5.620546	0.958749	1.000000	
5.719344	0.974208	1.000000	
5.818142	0.989668	1.000000	
5.916940	1.005127	1.000000	
6.015738	1.020586	1.000000	
6.114535	1.036045	1.000000	
6.213333	1.051504	1.000000	
6.312131	1.066963	1.000000	
6.410929	1.082422	1.000000	
6.509727	1.097882	1.000000	
6.608524	1.113341	1.000000	
6.707322	1.128800	1.000000	
6.806120	1.144259	1.000000	
6.904917	1.159718	1.000000	
7.003715	1.175177	1.000000	
7.102512	1.190637	1.000000	
7.201311	1.206096	1.000000	
7.300108	1.221555	1.000000	
7.398906	1.237014	1.000000	
7.497704	1.252473	1.000000	
7.596501	1.267932	1.000000	
7.695299	1.283391	1.000000	
7.794097	1.298851	1.000000	
7.892895	1.314310	1.000000	
7.991693	1.329769	1.000000	
8.090490	1.345228	1.000000	
8.189288	1.360687	1.000000	
8.288086	1.376146	1.000000	
8.386884	1.391606	1.000000	
8.485682	1.407065	1.000000	
8.584479	1.422524	1.000000	
8.683277	1.437983	1.000000	
8.782075	1.453442	1.000000	
8.880873	1.468901	1.000000	
8.979670	1.484360	1.000000	
9.078467	1.499820	1.000000	
9.177265	1.515279	1.000000	
9.276063	1.530738	1.000000	
9.374861	1.546197	1.000000	
9.473659	1.561656	1.000000	
9.572456	1.577115	1.000000	
9.671254	1.592574	1.000000	
9.770052	1.608034	1.000000	
9.868850	1.623493	1.000000	
9.967648	1.638952	1.000000	
10.066445	1.654411	1.000000	
10.165243	1.669870	1.000000	
10.264041	1.685329	1.000000	
10.362839	1.700788	1.000000	
10.461637	1.716248	1.000000	
10.560434	1.731707	1.000000	
10.659232	1.747166	1.000000	
10.758030	1.762625	1.000000	
10.856828	1.778084	1.000000	
10.955626	1.793543	1.000000	
11.054423	1.809003	1.000000	
11.153221	1.824462	1.000000	
11.252019	1.839921	1.000000	
11.350818	1.855380	1.000000	
11.449615	1.870839	1.000000	
11.548414	1.886299	1.000000	
11.647212	1.901758	1.000000	
11.746010	1.917217	1.000000	
11.844809	1.932676	1.000000	
11.943606	1.948135	1.000000	
12.042405	1.963595	1.000000	
12.141203	1.979054	1.000000	
12.240001	1.994513	1.000000	
12.338799	2.009973	1.000000	
12.437598	2.025432	1.000000	
12.536396	2.040891	1.000000	
12.635195	2.056350	1.000000	
12.733993	2.071809	1.000000	
12.832791	2.087269	1.000000	
12.931589	2.102728	1.000000	
13.030388	2.118187	1.000000	
13.129186	2.133646	1.000000	
13.227984	2.149105	1.000000	
13.326781	2.164565	1.000000	
13.425580	2.180024	1.000000	
13.524378	2.195483	1.000000	
13.623177	2.210942	1.000000	
13.721974	2.226402	1.000000	
13.820773	2.241861	1.000000	
13.919571	2.257320	1.000000	
14.018370	2.272779	1.000000	
14.117168	2.288239	1.000000	
14.215966	2.303698	1.000000	
14.314765	2.319157	1.000000	
14.413563	2.334616	1.000000	
14.512361	2.350075	1.000000	
14.611158	2.365535	1.000000	
14.709957	2.380994	1.000000	
14.808755	2.396453	1.000000	
14.907554	2.411912	1.000000	
15.006351	2.427372	1.000000	
15.105150	2.442831	1.000000	
15.203948	2.458290	1.000000	
15.302747	2.473749	1.000000	
15.401545	2.489208	1.000000	
15.500343	2.504668	1.000000	
15.599141	2.520127	1.000000	
15.697939	2.535586	1.000000	
15.796737	2.551045	1.000000	
15.895535	2.566504	1.000000	
15.994333	2.581964	1.000000	
16.093132	2.597423	1.000000	
16.191931	2.612882	1.000000	
16.290730	2.628341	1.000000	
16.389528	2.643800	1.000000	
16.488325	2.659260	1.000000	
16.587124	2.674719	1.000000	
16.685923	2.690178	1.000000	
16.784721	2.705637	1.000000	
16.883518	2.721097	1.000000	
16.982317	2.736556	1.000000	
17.081114	2.752015	1.000000	
17.179913	2.767474	1.000000	
17.278711	2.782933	1.000000	
17.377510	2.798393	1.000000	
17.476307	2.813852	1.000000	
17.575106	2.829311	1.000000	
17.673904	2.844770	1.000000	
17.772703	2.860229	1.000000	
17.871502	2.875689	1.000000	
17.970299	2.891148	1.000000	
18.069098	2.906607	1.000000	
18.167894	2.922066	1.000000	
18.266693	2.937526	1.000000	
18.365492	2.952985	1.000000	
18.464291	2.968444	1.000000	
18.563087	2.983903	1.000000	
18.661886	2.999363	1.000000	
18.760685	3.014822	1.000000	
18.859484	3.030281	1.000000	
18.958281	3.045740	1.000000	
19.057079	3.061199	1.000000	
19.155876	3.076658	1.000000	
19.254675	3.092118	1.000000	
19.353474	3.107577	1.000000	
19.452272	3.123036	1.000000	
19.551069	3.138495	1.000000	
19.649868	3.153955	1.000000	
19.748667	3.169414	1.000000	
19.847464	3.184873	1.000000	
19.946262	3.200332	1.000000	
20.045061	3.215791	1.000000	
20.143860	3.231251	1.000000	
20.242659	3.246710	1.000000	
20.341455	3.262169	1.000000	
20.440254	3.277628	1.000000	
20.539053	3.293088	1.000000	
20.637852	3.308547	1.000000	
20.736649	3.324006	1.000000	
20.835447	3.339465	1.000000	
20.934244	3.354925	1.000000	
21.033043	3.370384	1.000000	
21.131842	3.385843	1.000000	
21.230640	3.401302	1.000000	
21.329437	3.416761	1.000000	
21.428236	3.432221	1.000000	
21.527035	3.447680	1.000000	
21.625834	3.463139	1.000000	
21.724632	3.478598	1.000000	
21.823429	3.494057	1.000000	
21.922228	3.509517	1.000000	
22.021027	3.524976	1.000000	
22.119825	3.540435	1.000000	
22.218622	3.555894	1.000000	
22.317421	3.571354	1.000000	
22.416220	3.586813	1.000000	
22.515017	3.602272	1.000000	
22.613813	3.617731	1.000000	
22.712612	3.633190	1.000000	
22.811411	3.648650	1.000000	
22.910210	3.664109	1.000000	
23.009007	3.679568	1.000000	
23.107805	3.695028	1.000000	
23.206604	3.710487	1.000000	
23.305403	3.725946	1.000000	
23.404200	3.741405	1.000000	
23.502998	3.756864	1.000000	
23.601797	3.772324	1.000000	
23.700596	3.787783	1.000000	
23.799395	3.803242	1.000000	
23.898191	3.818701	1.000000	
23.996990	3.834161	1.000000	
24.095789	3.849620	1.000000	
24.194588	3.865079	1.000000	
24.293385	3.880538	1.000000	
24.392183	3.895997	1.000000	
24.490982	3.911457	1.000000	
24.589781	3.926916	1.000000	
24.688578	3.942375	1.000000	
24.787376	3.957834	1.000000	
24.886175	3.973293	1.000000	
24.984972	3.988753	1.000000	
25.083769	4.004212	1.000000	
25.182568	4.019671	1.000000	
25.281366	4.035131	1.000000	
25.380165	4.050590	1.000000	
25.478962	4.066049	1.000000	
25.577761	4.081508	1.000000	
25.676559	4.096967	1.000000	
25.775358	4.112427	1.000000	
25.874157	4.127886	1.000000	
25.972954	4.143345	1.000000	
26.071753	4.158804	1.000000	
26.170551	4.174263	1.000000	
26.269350	4.189723	1.000000	
26.368147	4.205182	1.000000	
26.466946	4.220641	1.000000	
26.565744	4.236100	1.000000	
26.664543	4.251560	1.000000	
26.763340	4.267019	1.000000	
26.862139	4.282478	1.000000	
26.960938	4.297937	1.000000	
27.059736	4.313396	1.000000	
27.158535	4.328856	1.000000	
27.257332	4.344315	1.000000	
27.356131	4.359774	1.000000	
27.454927	4.375233	1.000000	
27.553726	4.390692	1.000000	
27.652523	4.406152	1.000000	
27.751322	4.421611	1.000000	
27.850121	4.437070	1.000000	
27.948919	4.452529	1.000000	
28.047716	4.467988	1.000000	
28.146515	4.483448	1.000000	
28.245314	4.498907	1.000000	
28.344112	4.514367	1.000000	
28.442909	4.529826	1.000000	
28.541708	4.545285	1.000000	
28.640507	4.560744	1.000000	
28.739305	4.576203	1.000000	
28.838104	4.591662	1.000000	
28.936901	4.607121	1.000000	
29.035700	4.622581	1.000000	
29.134499	4.638040	1.000000	
29.233297	4.653499	1.000000	
29.332094	4.668959	1.000000	
29.430893	4.684418	1.000000	
29.529692	4.699877	1.000000	
29.628490	4.715336	1.000000	
29.727287	4.730795	1.000000	
29.826084	4.746254	1.000000	
29.924883	4.761714	1.000000	
30.023682	4.777173	1.000000	
30.122478	4.792632	1.000000	
30.221277	4.808092	1.000000	
30.320076	4.823551	1.000000	
30.418875	4.839010	1.000000	
30.517672	4.854469	1.000000	
30.616470	4.869928	1.000000	
30.715269	4.885387	1.000000	
30.814068	4.900847	1.000000	
30.912867	4.916306	1.000000	
31.011663	4.931765	1.000000	
31.110462	4.947224	1.000000	
31.283274	4.975806	1.000000	
31.368967	4.992298	1.000000	
31.454361	5.010282	1.000000	
31.539427	5.029754	1.000000	
31.624140	5.050708	1.000000	
31.708475	5.073137	1.000000	
31.792406	5.097034	1.000000	
31.875906	5.122393	1.000000	
31.958952	5.149205	1.000000	
32.041515	5.177462	1.000000	
32.123573	5.207156	1.000000	
32.205101	5.238277	1.000000	
32.286076	5.270817	1.000000	
32.366467	5.304765	1.000000	
32.446255	5.340110	1.000000	
32.525414	5.376843	1.000000	
32.603920	5.414952	1.000000	
32.681747	5.454425	1.000000	
32.758877	5.495250	1.000000	
32.835281	5.537416	1.000000	
32.910938	5.580908	1.000000	
32.985825	5.625714	1.000000	
33.059917	5.671820	1.000000	
33.133194	5.719212	1.000000	
33.205631	5.767875	1.000000	
33.277210	5.817796	1.000000	
33.347904	5.868958	1.000000	
33.417698	5.921346	1.000000	
33.486565	5.974945	1.000000	
33.554485	6.029737	1.000000	
33.621441	6.085705	1.000000	
33.687408	6.142834	1.000000	
33.752369	6.201106	1.000000	
33.816303	6.260502	1.000000	
33.879192	6.321005	1.000000	
33.941013	6.382596	1.000000	
34.001751	6.445258	1.000000	
34.061386	6.508969	1.000000	
34.119900	6.573712	1.000000	
34.177273	6.639466	1.000000	
34.233490	6.706211	1.000000	
34.288536	6.773927	1.000000	
34.342392	6.842594	1.000000	
34.395039	6.912189	1.000000	
34.446465	6.982694	1.000000	
34.496651	7.054085	1.000000	
34.545586	7.126341	1.000000	
34.593250	7.199440	1.000000	
34.639633	7.273360	1.000000	
34.684719	7.348078	1.000000	
34.728493	7.423571	1.000000	
34.770943	7.499817	1.000000	
34.812054	7.576792	1.000000	
34.851818	7.654473	1.000000	
34.890221	7.732836	1.000000	
34.927250	7.811858	1.000000	
34.962894	7.891513	1.000000	
34.997143	7.971779	1.000000	
35.029984	8.052629	1.000000	
35.061409	8.134041	1.000000	
35.091408	8.215989	1.000000	
35.119972	8.298448	1.000000	
35.147095	8.381392	1.000000	
35.172764	8.464798	1.000000	
35.196976	8.548639	1.000000	
35.219719	8.632890	1.000000	
35.240990	8.717525	1.000000	
35.260780	8.802518	1.000000	
35.279083	8.887843	1.000000	
35.295895	8.973475	1.000000	
35.311207	9.059388	1.000000	
35.325020	9.145555	1.000000	
35.337326	9.231949	1.000000	
35.348122	9.318544	1.000000	
35.357407	9.405315	1.000000	
35.365173	9.492235	1.000000	
35.371422	9.579278	1.000000	
35.376152	9.666416	1.000000	
35.379360	9.753624	1.000000	
35.381046	9.840874	1.000000	
35.381210	9.928140	1.000000	
35.379848	10.015395	1.000000	
35.376965	10.102614	1.000000	
35.372559	10.189770	1.000000	
35.366634	10.276834	1.000000	
35.359192	10.363783	1.000000	
35.350231	10.450588	1.000000	
35.339756	10.537224	1.000000	
35.327770	10.623664	1.000000	
35.314281	10.709881	1.000000	
35.299290	10.795850	1.000000	
35.282799	10.881544	1.000000	
35.264812	10.966937	1.000000	
35.245342	11.052003	1.000000	
35.224388	11.136717	1.000000	
35.201958	11.221052	1.000000	
35.237942	11.362470	1.000000	
35.209393	11.458308	1.000000	
35.180843	11.554147	1.000000	
35.152298	11.649984	1.000000	
35.123749	11.745823	1.000000	
35.095200	11.841661	1.000000	
35.066650	11.937500	1.000000	
35.038101	12.033339	1.000000	
35.009556	12.129176	1.000000	
34.981007	12.225015	1.000000	
34.952457	12.320853	1.000000	
34.923908	12.416692	1.000000	
34.895359	12.512530	1.000000	
34.866814	12.608368	1.000000	
34.838264	12.704206	1.000000	
34.809715	12.800045	1.000000	
34.781166	12.895884	1.000000	
34.752617	12.991722	1.000000	
34.724072	13.087561	1.000000	
34.695522	13.183398	1.000000	
34.666973	13.279237	1.000000	
34.638424	13.375074	1.000000	
34.609875	13.470913	1.000000	
34.581329	13.566751	1.000000	
34.552780	13.662590	1.000000	
34.524231	13.758429	1.000000	
34.495682	13.854266	1.000000	
34.467133	13.950105	1.000000	
34.438587	14.045942	1.000000	
34.410038	14.141781	1.000000	
34.381489	14.237619	1.000000	
34.352940	14.333458	1.000000	
34.324390	14.429296	1.000000	
34.295845	14.525134	1.000000	
34.267296	14.620973	1.000000	
34.238747	14.716810	1.000000	
34.210197	14.812649	1.000000	
34.181652	14.908487	1.000000	
34.153103	15.004326	1.000000	
34.124554	15.100163	1.000000	
34.096004	15.196002	1.000000	
34.067455	15.291841	1.000000	
34.038910	15.387678	1.000000	
34.010361	15.483517	1.000000	
33.981812	15.579355	1.000000	
33.953262	15.675194	1.000000	
33.924713	15.771031	1.000000	
33.896168	15.866869	1.000000	
33.867619	15.962708	1.000000	
33.839069	16.058546	1.000000	
33.810520	16.154385	1.000000	
33.781971	16.250223	1.000000	
33.753426	16.346062	1.000000	
33.724876	16.441898	1.000000	
33.696327	16.537737	1.000000	
33.667778	16.633575	1.000000	
33.639229	16.729414	1.000000	
33.610683	16.825253	1.000000	
33.582134	16.921091	1.000000	
33.553585	17.016930	1.000000	
33.525036	17.112766	1.000000	
33.496490	17.208605	1.000000	
33.467941	17.304443	1.000000	
33.439392	17.400282	1.000000	
33.410843	17.496120	1.000000	
33.382294	17.591957	1.000000	
33.353748	17.687798	1.000000	
33.325199	17.783634	1.000000	
33.296650	17.879473	1.000000	
33.268101	17.975311	1.000000	
33.239552	18.071150	1.000000	
33.211006	18.166988	1.000000	
33.182457	18.262825	1.000000	
33.153908	18.358665	1.000000	
33.125359	18.454502	1.000000	
33.096809	18.550341	1.000000	
33.068264	18.646179	1.000000	
33.039715	18.742018	1.000000	
33.011166	18.837856	1.000000	
32.982616	18.933693	1.000000	
32.954067	19.029531	1.000000	
32.925522	19.125370	1.000000	
32.896973	19.221210	1.000000	
32.868423	19.317047	1.000000	
32.839874	19.412888	1.000000	
32.811325	19.508724	1.000000	
32.782780	19.604565	1.000000	
32.754230	19.700403	1.000000	
32.725681	19.796242	1.000000	
32.697132	19.892080	1.000000	
32.668583	19.987919	1.000000	
32.640034	20.083757	1.000000	
32.611488	20.179596	1.000000	
32.582939	20.275434	1.000000	
32.554390	20.371273	1.000000	
32.525841	20.467112	1.000000	
32.497292	20.562950	1.000000	
32.468742	20.658791	1.000000	
32.440197	20.754627	1.000000	
32.411648	20.850468	1.000000	
32.383099	20.946304	1.000000	
32.354549	21.042145	1.000000	
32.326000	21.137983	1.000000	
32.297455	21.233822	1.000000	
32.268906	21.329660	1.000000	
32.240356	21.425499	1.000000	
32.211807	21.521339	1.000000	
32.183258	21.617176	1.000000	
32.154709	21.713017	1.000000	
32.126160	21.808853	1.000000	
32.097614	21.904694	1.000000	
32.069065	22.000530	1.000000	
32.040516	22.096371	1.000000	
32.011967	22.192209	1.000000	
31.983419	22.288048	1.000000	
31.954870	22.383888	1.000000	
31.926321	22.479725	1.000000	
31.897774	22.575565	1.000000	
31.869225	22.671402	1.000000	
31.840675	22.767242	1.000000	
31.812128	22.863079	1.000000	
31.783579	22.958920	1.000000	
31.755032	23.054758	1.000000	
31.726482	23.150597	1.000000	
31.697933	23.246435	1.000000	
31.669386	23.342274	1.000000	
31.640837	23.438112	1.000000	
31.612288	23.533951	1.000000	
31.583740	23.629789	1.000000	
31.555191	23.725628	1.000000	
31.526642	23.821468	1.000000	
31.498093	23.917305	1.000000	
31.469545	24.013145	1.000000	
31.440996	24.108982	1.000000	
31.412449	24.204823	1.000000	
31.383900	24.300661	1.000000	
31.355350	24.396500	1.000000	
31.326801	24.492338	1.000000	
31.298254	24.588177	1.000000	
31.269705	24.684015	1.000000	
31.241158	24.779854	1.000000	
31.212608	24.875692	1.000000	
31.184059	24.971531	1.000000	
31.155512	25.067369	1.000000	
31.126963	25.163208	1.000000	
31.098413	25.259048	1.000000	
31.069866	25.354885	1.000000	
31.041317	25.450726	1.000000	
31.012768	25.546564	1.000000	
30.984221	25.642403	1.000000	
30.955671	25.738239	1.000000	
30.927124	25.834080	1.000000	
30.898575	25.929920	1.000000	
30.870026	26.025757	1.000000	
30.841476	26.121597	1.000000	
30.812929	26.217434	1.000000	
30.784380	26.313274	1.000000	
30.755833	26.409111	1.000000	
30.727283	26.504951	1.000000	
30.698734	26.600790	1.000000	
30.670185	26.696629	1.000000	
30.641638	26.792469	1.000000	
30.613089	26.888306	1.000000	
30.584541	26.984144	1.000000	
30.555992	27.079983	1.000000	
30.527443	27.175823	1.000000	
30.498894	27.271660	1.000000	
30.470346	27.367500	1.000000	
30.441797	27.463337	1.000000	
30.413250	27.559177	1.000000	
30.384701	27.655014	1.000000	
30.356152	27.750854	1.000000	
30.327604	27.846691	1.000000	
30.299055	27.942532	1.000000	
30.270506	28.038372	1.000000	
30.241959	28.134209	1.000000	
30.213409	28.230049	1.000000	
30.184860	28.325886	1.000000	
30.156313	28.421726	1.000000	
30.127764	28.517563	1.000000	
30.099216	28.613403	1.000000	
30.070667	28.709240	1.000000	
30.042118	28.805080	1.000000	
30.013569	28.900917	1.000000	
29.985022	28.996758	1.000000	
29.956472	29.092598	1.000000	
29.927925	29.188435	1.000000	
29.899376	29.284271	1.000000	
29.870827	29.380112	1.000000	
29.842278	29.475952	1.000000	
29.813730	29.571789	1.000000	
29.785181	29.667629	1.000000	
29.756634	29.763466	1.000000	
29.728085	29.859306	1.000000	
29.699535	29.955147	1.000000	
29.670986	30.050983	1.000000	
29.642439	30.146820	1.000000	
29.613892	30.242661	1.000000	
29.585342	30.338501	1.000000	
29.556793	30.434338	1.000000	
29.528244	30.530174	1.000000	
29.499697	30.626015	1.000000	
29.471148	30.721855	1.000000	
29.442598	30.817692	1.000000	
29.414051	30.913532	1.000000	
29.385502	31.009369	1.000000	
29.356953	31.105209	1.000000	
29.328405	31.201050	1.000000	
29.299856	31.296886	1.000000	
29.271309	31.392723	1.000000	
29.242760	31.488564	1.000000	
29.214211	31.584404	1.000000	
29.185661	31.680241	1.000000	
29.157114	31.776081	1.000000	
29.128565	31.871918	1.000000	
29.100018	31.967758	1.000000	
29.071468	32.063595	1.000000	
29.042919	32.159435	1.000000	
29.014370	32.255272	1.000000	
28.985823	32.351112	1.000000	
28.957273	32.446949	1.000000	
28.928726	32.542789	1.000000	
28.900177	32.638630	1.000000	
28.871628	32.734467	1.000000	
28.843079	32.830307	1.000000	
28.814531	32.926144	1.000000	
28.785984	33.021984	1.000000	
28.757435	33.117821	1.000000	
28.728886	33.213661	1.000000	
28.700336	33.309498	1.000000	
28.671787	33.405338	1.000000	
28.643240	33.501179	1.000000	
28.614693	33.597015	1.000000	
28.586143	33.692852	1.000000	
28.557594	33.788692	1.000000	
28.529045	33.884533	1.000000	
28.500498	33.980370	1.000000	
28.471949	34.076210	1.000000	
28.443399	34.172047	1.000000	
28.414852	34.267887	1.000000	
28.386303	34.363728	1.000000	
28.357754	34.459564	1.000000	
28.329206	34.555401	1.000000	
28.300657	34.651241	1.000000	
28.272108	34.747082	1.000000	
28.243561	34.842918	1.000000	
28.215012	34.938755	1.000000	
28.186462	35.034595	1.000000	
28.157915	35.130436	1.000000	
28.129366	35.226273	1.000000	
28.100819	35.322113	1.000000	
28.072269	35.417950	1.000000	
28.043720	35.513790	1.000000	
28.015171	35.609627	1.000000	
27.986624	35.705467	1.000000	
27.958075	35.801304	1.000000	
27.929527	35.897144	1.000000	
27.900978	35.992985	1.000000	
27.872429	36.088821	1.000000	
27.843882	36.184662	1.000000	
27.815332	36.280499	1.000000	
27.786785	36.376339	1.000000	
27.758236	36.472176	1.000000	
27.729687	36.568016	1.000000	
27.701138	36.663853	1.000000	
27.672588	36.759693	1.000000	
27.644041	36.855530	1.000000	
27.615494	36.951370	1.000000	
27.586945	37.047211	1.000000	
27.558395	37.143047	1.000000	
27.529846	37.238888	1.000000	
27.501299	37.334724	1.000000	
27.472750	37.430565	1.000000	
27.444201	37.526402	1.000000	
27.415653	37.622242	1.000000	
27.387104	37.718079	1.000000	
27.358555	37.813919	1.000000	
27.330008	37.909760	1.000000	
27.301458	38.005596	1.000000	
27.272911	38.101433	1.000000	
27.244362	38.197273	1.000000	
27.215813	38.293114	1.000000	
27.187263	38.388950	1.000000	
27.158716	38.484787	1.000000	
27.130167	38.580627	1.000000	
27.101620	38.676468	1.000000	
27.073071	38.772305	1.000000	
27.044521	38.868145	1.000000	
27.015974	38.963982	1.000000	
26.987425	39.059822	1.000000	
26.958878	39.155659	1.000000	
26.930328	39.251499	1.000000	
26.901779	39.347340	1.000000	
26.873230	39.443176	1.000000	
26.844681	39.539017	1.000000	
26.816133	39.634857	1.000000	
26.787586	39.730694	1.000000	
26.759037	39.826530	1.000000	
26.730488	39.922371	1.000000	
26.701939	40.018208	1.000000	
26.673391	40.114048	1.000000	
26.644844	40.209885	1.000000	
26.616295	40.305725	1.000000	
26.587746	40.401566	1.000000	
26.559196	40.497402	1.000000	
26.530647	40.593243	1.000000	
26.502100	40.689079	1.000000	
26.473551	40.784916	1.000000	
26.445004	40.880756	1.000000	
26.416454	40.976597	1.000000	
26.387905	41.072433	1.000000	
26.359356	41.168274	1.000000	
26.330807	41.264114	1.000000	
26.302261	41.359951	1.000000	
26.273712	41.455791	1.000000	
26.245163	41.551628	1.000000	
26.216614	41.647465	1.000000	
26.188066	41.743305	1.000000	
26.159517	41.839146	1.000000	
26.130970	41.934982	1.000000	
26.102421	42.030819	1.000000	
26.073872	42.126656	1.000000	
26.045326	42.222492	1.000000	
26.016777	42.318333	1.000000	
25.988228	42.414169	1.000000	
25.959681	42.510006	1.000000	
25.931133	42.605843	1.000000	
25.902584	42.701679	1.000000	
25.874037	42.797516	1.000000	
25.845490	42.893353	1.000000	
25.816940	42.989189	1.000000	
25.788393	43.085026	1.000000	
25.759846	43.180862	1.000000	
25.731297	43.276699	1.000000	
25.702749	43.372536	1.000000	
25.674202	43.468372	1.000000	
25.645653	43.564209	1.000000	
25.617105	43.660046	1.000000	
25.588558	43.755882	1.000000	
25.560009	43.851719	1.000000	
25.531462	43.947556	1.000000	
25.502914	44.043392	1.000000	
25.474365	44.139229	1.000000	
25.445816	44.235069	1.000000	
25.417269	44.330906	1.000000	
25.388721	44.426743	1.000000	
25.360172	44.522579	1.000000	
25.331625	44.618416	1.000000	
25.303078	44.714252	1.000000	
25.274529	44.810089	1.000000	
25.245979	44.905926	1.000000	
25.217434	45.001762	1.000000	
25.188885	45.097599	1.000000	
25.160336	45.193436	1.000000	
25.131788	45.289272	1.000000	
25.103241	45.385109	1.000000	
25.074692	45.480946	1.000000	
25.046144	45.576782	1.000000	
25.017597	45.672619	1.000000	
24.989048	45.768456	1.000000	
24.960501	45.864292	1.000000	
24.931953	45.960129	1.000000	
24.903404	46.055965	1.000000	
24.874857	46.151806	1.000000	
24.846310	46.247643	1.000000	
24.817760	46.343479	1.000000	
24.789213	46.439316	1.000000	
24.760666	46.535152	1.000000	
24.732117	46.630989	1.000000	
24.703569	46.726826	1.000000	
24.675022	46.822662	1.000000	
24.646473	46.918499	1.000000	
24.617924	47.014336	1.000000	
24.589378	47.110176	1.000000	
24.560829	47.206013	1.000000	
24.532280	47.301849	1.000000	
24.503735	47.397686	1.000000	
24.475185	47.493523	1.000000	
24.446636	47.589359	1.000000	
24.418089	47.685196	1.000000	
24.389542	47.781033	1.000000	
24.360992	47.876869	1.000000	
24.332445	47.972706	1.000000	
24.303898	48.068542	1.000000	
24.275349	48.164379	1.000000	
24.246801	48.260216	1.000000	
24.218254	48.356052	1.000000	
24.189705	48.451889	1.000000	
24.161158	48.547726	1.000000	
24.132610	48.643562	1.000000	
24.104061	48.739399	1.000000	
24.075514	48.835236	1.000000	
24.046967	48.931072	1.000000	
24.018417	49.026913	1.000000	
23.989868	49.122749	1.000000	
23.961323	49.218586	1.000000	
23.932774	49.314423	1.000000	
23.904224	49.410259	1.000000	
23.875679	49.506096	1.000000	
23.847130	49.601933	1.000000	
23.818581	49.697769	1.000000	
23.790033	49.793606	1.000000	
23.761486	49.889442	1.000000	
23.732937	49.985283	1.000000	
23.704390	50.081120	1.000000	
23.675842	50.176956	1.000000	
23.647293	50.272793	1.000000	
23.618746	50.368629	1.000000	
23.590199	50.464466	1.000000	
23.561649	50.560303	1.000000	
23.533100	50.656139	1.000000	
23.504553	50.751972	1.000000	
23.476006	50.847809	1.000000	
23.447456	50.943649	1.000000	
23.418909	51.039486	1.000000	
23.390362	51.135323	1.000000	
23.361813	51.231159	1.000000	
23.333265	51.326996	1.000000	
23.304718	51.422832	1.000000	
23.276169	51.518669	1.000000	
23.247622	51.614506	1.000000	
23.219074	51.710342	1.000000	
23.190525	51.806179	1.000000	
23.161976	51.902016	1.000000	
23.133430	51.997856	1.000000	
23.104881	52.093693	1.000000	
23.076332	52.189529	1.000000	
23.047787	52.285366	1.000000	
23.019238	52.381203	1.000000	
22.990688	52.477039	1.000000	
22.962141	52.572876	1.000000	
22.933594	52.668713	1.000000	
22.905045	52.764549	1.000000	
22.876497	52.860386	1.000000	
22.847950	52.956226	1.000000	
22.819401	53.052063	1.000000	
22.790854	53.147900	1.000000	
22.762306	53.243736	1.000000	
22.733757	53.339569	1.000000	
22.705210	53.435406	1.000000	
22.676662	53.531242	1.000000	
22.648113	53.627079	1.000000	
22.619566	53.722916	1.000000	
22.591019	53.818752	1.000000	
22.562469	53.914593	1.000000	
22.533922	54.010429	1.000000	
22.505375	54.106266	1.000000	
22.476826	54.202103	1.000000	
22.448277	54.297939	1.000000	
22.419731	54.393776	1.000000	
22.391182	54.489613	1.000000	
22.362633	54.585449	1.000000	
22.334087	54.681286	1.000000	
22.305538	54.777122	1.000000	
22.276989	54.872963	1.000000	
22.248442	54.968800	1.000000	
22.219894	55.064636	1.000000	
22.191345	55.160473	1.000000	
22.162798	55.256310	1.000000	
22.134251	55.352146	1.000000	
22.105701	55.447983	1.000000	
22.077154	55.543819	1.000000	
22.048607	55.639656	1.000000	
22.020058	55.735493	1.000000	
21.991510	55.831329	1.000000	
21.962963	55.927166	1.000000	
21.934414	56.023003	1.000000	
21.905867	56.118839	1.000000	
21.877319	56.214676	1.000000	
21.848770	56.310513	1.000000	
21.820221	56.406349	1.000000	
21.791674	56.502186	1.000000	
21.763126	56.598022	1.000000	
21.734577	56.693859	1.000000	
21.706030	56.789700	1.000000	
21.677483	56.885536	1.000000	
21.648933	56.981373	1.000000	
21.620384	57.077209	1.000000	
21.591839	57.173046	1.000000	
21.563290	57.268883	1.000000	
21.534740	57.364719	1.000000	
21.506195	57.460556	1.000000	
21.477646	57.556393	1.000000	
21.449097	57.652229	1.000000	
21.420549	57.748070	1.000000	
21.392002	57.843906	1.000000	
21.363453	57.939743	1.000000	
21.334908	58.035580	1.000000	
21.306358	58.131416	1.000000	
21.277809	58.227253	1.000000	
21.249262	58.323090	1.000000	
21.220715	58.418926	1.000000	
21.192165	58.514763	1.000000	
21.163616	58.610600	1.000000	
21.135071	58.706436	1.000000	
21.106522	58.802273	1.000000	
21.077974	58.898109	1.000000	
21.049427	58.993946	1.000000	
21.020878	59.089783	1.000000	
20.992329	59.185619	1.000000	
20.963781	59.281456	1.000000	
20.935234	59.377293	1.000000	
20.906687	59.473129	1.000000	
20.878139	59.568966	1.000000	
20.849590	59.664806	1.000000	
20.821041	59.760643	1.000000	
20.792494	59.856480	1.000000	
20.763947	59.952316	1.000000	
20.735397	60.048153	1.000000	
20.706852	60.143990	1.000000	
20.678303	60.239826	1.000000	
20.649754	60.335663	1.000000	
20.621206	60.431499	1.000000	
20.592659	60.527336	1.000000	
20.564110	60.623177	1.000000	
20.535561	60.719013	1.000000	
20.507015	60.814850	1.000000	
20.478466	60.910686	1.000000	
20.449919	61.006523	1.000000	
20.421371	61.102360	1.000000	
20.392822	61.198196	1.000000	
20.364273	61.294033	1.000000	
20.335726	61.389870	1.000000	
20.307178	61.485703	1.000000	
20.278631	61.581543	1.000000	
20.250084	61.677380	1.000000	
20.221535	61.773216	1.000000	
20.192986	61.869053	1.000000	
20.164438	61.964890	1.000000	
20.135891	62.060726	1.000000	
20.107342	62.156563	1.000000	
20.078794	62.252399	1.000000	
20.050247	62.348236	1.000000	
20.021698	62.444073	1.000000	
19.993151	62.539913	1.000000	
19.964603	62.635750	1.000000	
19.936054	62.731586	1.000000	
19.907505	62.827423	1.000000	
19.878960	62.923260	1.000000	
19.850410	63.019096	1.000000	
19.821861	63.114933	1.000000	
19.793314	63.210770	1.000000	
19.764767	63.306606	1.000000	
19.736217	63.402443	1.000000	
19.707668	63.498280	1.000000	
19.679123	63.594120	1.000000	
19.650574	63.689957	1.000000	
19.622026	63.785793	1.000000	
19.593479	63.881630	1.000000	
19.564930	63.977463	1.000000	
19.536381	64.073303	1.000000	
19.507833	64.169136	1.000000	
19.479286	64.264977	1.000000	
19.450739	64.360809	1.000000	
19.422192	64.456650	1.000000	
19.393642	64.552490	1.000000	
19.365093	64.648323	1.000000	
19.336546	64.744164	1.000000	
19.307999	64.839996	1.000000	
19.279451	64.935837	1.000000	
19.250904	65.031670	1.000000	
19.222355	65.127510	1.000000	
19.193808	65.223343	1.000000	
19.165258	65.319183	1.000000	
19.136711	65.415016	1.000000	
19.108162	65.510857	1.000000	
19.079615	65.606697	1.000000	
19.051067	65.702530	1.000000	
19.022518	65.798370	1.000000	
18.993971	65.894203	1.000000	
18.965422	65.990044	1.000000	
18.936874	66.085876	1.000000	
18.908327	66.181717	1.000000	
18.879778	66.277550	1.000000	
18.851231	66.373390	1.000000	
18.822683	66.469231	1.000000	
18.794134	66.565063	1.000000	
18.765587	66.660896	1.000000	
18.737038	66.756737	1.000000	
18.708490	66.852570	1.000000	
18.679941	66.948410	1.000000	
18.651396	67.044243	1.000000	
18.622847	67.140083	1.000000	
18.594299	67.235916	1.000000	
18.565750	67.331757	1.000000	
18.537203	67.427589	1.000000	
18.508654	67.523430	1.000000	
18.480106	67.619263	1.000000	
18.451559	67.715103	1.000000	
18.423012	67.810936	1.000000	
18.394463	67.906776	1.000000	
18.365915	68.002617	1.000000	
18.337366	68.098450	1.000000	
18.308819	68.194290	1.000000	
18.280270	68.290123	1.000000	
18.251722	68.385963	1.000000	
18.223175	68.481796	1.000000	
18.194628	68.577637	1.000000	
18.166079	68.673470	1.000000	
18.137531	68.769310	1.000000	
18.108982	68.865150	1.000000	
18.080435	68.960983	1.000000	
18.051886	69.056824	1.000000	
18.023340	69.152657	1.000000	
17.994791	69.248497	1.000000	
17.966244	69.344330	1.000000	
17.937695	69.440170	1.000000	
17.909147	69.536003	1.000000	
17.880598	69.631844	1.000000	
17.852051	69.727676	1.000000	
17.823503	69.823517	1.000000	
17.794956	69.919357	1.000000	
17.766407	70.015190	1.000000	
17.737860	70.111031	1.000000	
17.709311	70.206863	1.000000	
17.680763	70.302704	1.000000	
17.652214	70.398537	1.000000	
17.623669	70.494377	1.000000	
17.595119	70.590210	1.000000	
17.566572	70.686050	1.000000	
17.538023	70.781891	1.000000	
17.509476	70.877724	1.000000	
17.480927	70.973564	1.000000	
17.452379	71.069397	1.000000	
17.423830	71.165237	1.000000	
17.395283	71.261070	1.000000	
17.366735	71.356911	1.000000	
17.338188	71.452744	1.000000	
17.309639	71.548584	1.000000	
17.281092	71.644417	1.000000	
17.252542	71.740257	1.000000	
17.223995	71.836090	1.000000	
17.195448	71.931931	1.000000	
17.166899	72.027763	1.000000	
17.138351	72.123596	1.000000	
17.109802	72.219437	1.000000	
17.081255	72.315269	1.000000	
17.052706	72.411110	1.000000	
17.024158	72.506943	1.000000	
16.995611	72.602783	1.000000	
16.967064	72.698624	1.000000	
16.938515	72.794456	1.000000	
16.909967	72.890297	1.000000	
16.881418	72.986130	1.000000	
16.852871	73.081970	1.000000	
16.824322	73.177803	1.000000	
16.795776	73.273643	1.000000	
16.767227	73.369476	1.000000	
16.738680	73.465317	1.000000	
16.710131	73.561150	1.000000	
16.681583	73.656990	1.000000	
16.653034	73.752831	1.000000	
16.624487	73.848663	1.000000	
16.595938	73.944504	1.000000	
16.567392	74.040337	1.000000	
16.538843	74.136177	1.000000	
16.510296	74.232010	1.000000	
16.481747	74.327850	1.000000	
16.453199	74.423683	1.000000	
16.424650	74.519524	1.000000	
16.396103	74.615364	1.000000	
16.367556	74.711197	1.000000	
16.339008	74.807037	1.000000	
16.310459	74.902870	1.000000	
16.281912	74.998711	1.000000	
16.253363	75.094543	1.000000	
16.224815	75.190384	1.000000	
16.196266	75.286217	1.000000	
16.167721	75.382057	1.000000	
16.139172	75.477890	1.000000	
16.110624	75.573730	1.000000	
16.082075	75.669571	1.000000	
16.053528	75.765404	1.000000	
16.024979	75.861244	1.000000	
15.996431	75.957077	1.000000	
15.967884	76.052917	1.000000	
15.939337	76.148750	1.000000	
15.910788	76.244591	1.000000	
15.882240	76.340424	1.000000	
15.853691	76.436264	1.000000	
15.825144	76.532097	1.000000	
15.796595	76.627937	1.000000	
15.768047	76.723778	1.000000	
15.739500	76.819611	1.000000	
15.710953	76.915451	1.000000	
15.682404	77.011284	1.000000	
15.653856	77.107124	1.000000	
15.625307	77.202957	1.000000	
15.596760	77.298798	1.000000	
15.568211	77.394630	1.000000	
15.539663	77.490471	1.000000	
15.511116	77.586311	1.000000	
15.482567	77.682144	1.000000	
15.454020	77.777985	1.000000	
15.425472	77.873817	1.000000	
15.396923	77.969658	1.000000	
15.368376	78.065491	1.000000	
15.339828	78.161331	1.000000	
15.311279	78.257164	1.000000	
15.282732	78.353004	1.000000	
15.254183	78.448837	1.000000	
15.225636	78.544678	1.000000	
15.197086	78.640511	1.000000	
15.168539	78.736343	1.000000	
15.139992	78.832184	1.000000	
15.111444	78.928017	1.000000	
15.082895	79.023857	1.000000	
15.054348	79.119690	1.000000	
15.025799	79.215530	1.000000	
14.997252	79.311363	1.000000	
14.968702	79.407204	1.000000	
14.940155	79.503044	1.000000	
14.911608	79.598877	1.000000	
14.883060	79.694717	1.000000	
14.854511	79.790550	1.000000	
14.825964	79.886391	1.000000	
14.797415	79.982224	1.000000	
14.768867	80.078064	1.000000	
14.740318	80.173897	1.000000	
14.711773	80.269737	1.000000	
14.683224	80.365570	1.000000	
14.654676	80.461411	1.000000	
14.626127	80.557251	1.000000	
14.597580	80.653084	1.000000	
14.569031	80.748924	1.000000	
14.540483	80.844757	1.000000	
14.511936	80.940598	1.000000	
14.483389	81.036430	1.000000	
14.454840	81.132271	1.000000	
14.426292	81.228104	1.000000	
14.397743	81.323944	1.000000	
14.369196	81.419785	1.000000	
14.340647	81.515617	1.000000	
14.312101	81.611458	1.000000	
14.283552	81.707291	1.000000	
14.255005	81.803131	1.000000	
14.226456	81.898964	1.000000	
14.197908	81.994804	1.000000	
14.169359	82.090637	1.000000	
14.140812	82.186478	1.000000	
14.112263	82.282310	1.000000	
14.083717	82.378151	1.000000	
14.055168	82.473991	1.000000	
14.026621	82.569824	1.000000	
13.998072	82.665665	1.000000	
13.969524	82.761497	1.000000	
13.940975	82.857338	1.000000	
13.912428	82.953171	1.000000	
13.883881	83.049011	1.000000	
13.855333	83.144844	1.000000	
13.826784	83.240685	1.000000	
13.798237	83.336525	1.000000	
13.769688	83.432358	1.000000	
13.741140	83.528198	1.000000	
13.712591	83.624031	1.000000	
13.684044	83.719872	1.000000	
13.655497	83.815704	1.000000	
13.626947	83.911537	1.000000	
13.598400	84.007378	1.000000	
13.569851	84.103210	1.000000	
13.541304	84.199051	1.000000	
13.512756	84.294884	1.000000	
13.484209	84.390724	1.000000	
13.455660	84.486557	1.000000	
13.427113	84.582397	1.000000	
13.398563	84.678230	1.000000	
13.370016	84.774071	1.000000	
13.341467	84.869904	1.000000	
13.312920	84.965744	1.000000	
13.284370	85.061577	1.000000	
13.255825	85.157417	1.000000	
13.227276	85.253258	1.000000	
13.198729	85.349091	1.000000	
13.170179	85.444931	1.000000	
13.141632	85.540764	1.000000	
13.113083	85.636604	1.000000	
13.084536	85.732437	1.000000	
13.055988	85.828278	1.000000	
13.027441	85.924110	1.000000	
12.998892	86.019951	1.000000	
12.970345	86.115784	1.000000	
12.941795	86.211624	1.000000	
12.913248	86.307465	1.000000	
12.884699	86.403297	1.000000	
12.856153	86.499138	1.000000	
12.827604	86.594971	1.000000	
12.799057	86.690811	1.000000	
12.770508	86.786644	1.000000	
12.741961	86.882484	1.000000	
12.713411	86.978317	1.000000	
12.684864	87.074158	1.000000	
12.656317	87.169991	1.000000	
12.627769	87.265831	1.000000	
12.599220	87.361671	1.000000	
12.570673	87.457504	1.000000	
12.542124	87.553345	1.000000	
12.513577	87.649178	1.000000	
12.485027	87.745018	1.000000	
12.456480	87.840851	1.000000	
12.427933	87.936691	1.000000	
12.399385	88.032524	1.000000	
12.370836	88.128365	1.000000	
12.342289	88.224205	1.000000	
12.313740	88.320038	1.000000	
12.285192	88.415878	1.000000	
12.256643	88.511711	1.000000	
12.228098	88.607552	1.000000	
12.199549	88.703384	1.000000	
12.171001	88.799225	1.000000	
12.142452	88.895058	1.000000	
12.113905	88.990898	1.000000	
12.085356	89.086731	1.000000	
12.056808	89.182571	1.000000	
12.028261	89.278404	1.000000	
11.999714	89.374245	1.000000	
11.971165	89.470078	1.000000	
11.942617	89.565910	1.000000	
11.914068	89.661751	1.000000	
11.885521	89.757584	1.000000	
11.856972	89.853424	1.000000	
11.828424	89.949257	1.000000	
11.799877	90.045097	1.000000	
11.771328	90.140938	1.000000	
11.742781	90.236771	1.000000	
11.714231	90.332611	1.000000	
11.685684	90.428444	1.000000	
11.657137	90.524284	1.000000	
11.628588	90.620117	1.000000	
11.600040	90.715958	1.000000	
11.571493	90.811790	1.000000	
11.542944	90.907631	1.000000	
11.514397	91.003464	1.000000	
11.485847	91.099304	1.000000	
11.457300	91.195145	1.000000	
11.428751	91.290977	1.000000	
11.400206	91.386818	1.000000	
11.371656	91.482651	1.000000	
11.343109	91.578491	1.000000	
11.314560	91.674324	1.000000	
11.286013	91.770164	1.000000	
11.257463	91.865997	1.000000	
11.228916	91.961838	1.000000	
11.200369	92.057678	1.000000	
11.171822	92.153511	1.000000	
11.143272	92.249352	1.000000	
11.114725	92.345184	1.000000	
11.086176	92.441025	1.000000	
11.057629	92.536858	1.000000	
11.029079	92.632698	1.000000	
11.000534	92.728531	1.000000	
10.971985	92.824371	1.000000	
10.943438	92.920204	1.000000	
10.914888	93.016045	1.000000	
10.886341	93.111885	1.000000	
10.857792	93.207718	1.000000	
10.829245	93.303558	1.000000	
10.800695	93.399391	1.000000	
10.772150	93.495232	1.000000	
10.743601	93.591064	1.000000	
10.715054	93.686905	1.000000	
10.686504	93.782738	1.000000	
10.657957	93.878578	1.000000	
10.629408	93.974419	1.000000	
10.600861	94.070251	1.000000	
10.572313	94.166092	1.000000	
10.543766	94.261925	1.000000	
10.515217	94.357765	1.000000	
10.486670	94.453598	1.000000	
10.458120	94.549431	1.000000	
10.429573	94.645271	1.000000	
10.401024	94.741104	1.000000	
10.372478	94.836945	1.000000	
10.343929	94.932777	1.000000	
10.315382	95.028618	1.000000	
10.286833	95.124451	1.000000	
10.258286	95.220291	1.000000	
10.229736	95.316124	1.000000	
10.201189	95.411964	1.000000	
10.172642	95.507797	1.000000	
10.144093	95.603638	1.000000	
10.115545	95.699471	1.000000	
10.086998	95.795311	1.000000	
10.058449	95.891151	1.000000	
10.029902	95.986984	1.000000	
10.001352	96.082825	1.000000	
9.972805	96.178658	1.000000	
9.944258	96.274498	1.000000	
9.915709	96.370331	1.000000	
9.887161	96.466171	1.000000	
9.858612	96.562004	1.000000	
9.830065	96.657845	1.000000	
9.801516	96.753677	1.000000	
9.772968	96.849518	1.000000	
9.744421	96.945358	1.000000	
9.715874	97.041191	1.000000	
9.687325	97.137032	1.000000	
9.658777	97.232864	1.000000	
9.630228	97.328705	1.000000	
9.601681	97.424538	1.000000	
9.573132	97.520378	1.000000	
9.544586	97.616211	1.000000	
9.516037	97.712051	1.000000	
9.487490	97.807892	1.000000	
9.458941	97.903725	1.000000	
9.430393	97.999565	1.000000	
9.401844	98.095398	1.000000	
9.373297	98.191238	1.000000	
9.344749	98.287071	1.000000	
9.316202	98.382912	1.000000	
9.287653	98.478745	1.000000	
9.259106	98.574585	1.000000	
9.230556	98.670418	1.000000	
9.202009	98.766258	1.000000	
9.173460	98.862099	1.000000	
9.144915	98.957932	1.000000	
9.116365	99.053772	1.000000	
9.087818	99.149605	1.000000	
9.059269	99.245445	1.000000	
9.030722	99.341278	1.000000	
9.002172	99.437119	1.000000	
8.973625	99.532951	1.000000	
8.945076	99.628792	1.000000	
8.916531	99.724625	1.000000	
8.887981	99.820465	1.000000	
8.859434	99.916298	1.000000	
8.830885	100.012138	1.000000	
8.802338	100.107971	1.000000	
8.773788	100.203804	1.000000	
8.745241	100.299644	1.000000	
8.716694	100.395477	1.000000	
8.688147	100.491318	1.000000	
8.659597	100.587151	1.000000	
8.631050	100.682991	1.000000	
8.602501	100.778831	1.000000	
8.573954	100.874664	1.000000	
8.545404	100.970505	1.000000	
8.516859	101.066338	1.000000	
8.488310	101.162178	1.000000	
8.459763	101.258011	1.000000	
8.431213	101.353851	1.000000	
8.402666	101.449684	1.000000	
8.374117	101.545525	1.000000	
8.345570	101.641357	1.000000	
8.317022	101.737198	1.000000	
8.288473	101.833038	1.000000	
8.259926	101.928871	1.000000	
8.231377	102.024712	1.000000	
8.202829	102.120544	1.000000	
8.174282	102.216385	1.000000	
8.145733	102.312218	1.000000	
8.117186	102.408058	1.000000	
8.088638	102.503891	1.000000	
8.060089	102.599731	1.000000	
8.031542	102.695572	1.000000	
8.002993	102.791405	1.000000	
7.974445	102.887245	1.000000	
7.945896	102.983078	1.000000	
7.917349	103.078918	1.000000	
7.888802	103.174751	1.000000	
7.860254	103.270592	1.000000	
7.831705	103.366425	1.000000	
7.803158	103.462265	1.000000	
7.774609	103.558098	1.000000	
7.746061	103.653938	1.000000	
7.717512	103.749779	1.000000	
7.688967	103.845612	1.000000	
7.660418	103.941452	1.000000	
7.631870	104.037285	1.000000	
7.603321	104.133125	1.000000	
7.574774	104.228958	1.000000	
7.546225	104.324799	1.000000	
7.517677	104.420631	1.000000	
7.489130	104.516472	1.000000	
7.460583	104.612312	1.000000	
7.432034	104.708145	1.000000	
7.403484	104.803986	1.000000	
7.374937	104.899818	1.000000	
7.346392	104.995659	1.000000	
7.317841	105.091492	1.000000	
7.289295	105.187325	1.000000	
7.260744	105.283165	1.000000	
7.232199	105.378998	1.000000	
7.203648	105.474838	1.000000	
7.175102	105.570671	1.000000	
7.146555	105.666512	1.000000	
7.118006	105.762344	1.000000	
7.089458	105.858185	1.000000	
7.060909	105.954018	1.000000	
7.032362	106.049858	1.000000	
7.003813	106.145691	1.000000	
6.975266	106.241531	1.000000	
6.946720	106.337364	1.000000	
6.918169	106.433205	1.000000	
6.889624	106.529045	1.000000	
6.861073	106.624878	1.000000	
6.832527	106.720718	1.000000	
6.803976	106.816551	1.000000	
6.775431	106.912392	1.000000	
6.746883	107.008224	1.000000	
6.718334	107.104065	1.000000	
6.689787	107.199898	1.000000	
6.661238	107.295738	1.000000	
6.632690	107.391571	1.000000	
6.604141	107.487411	1.000000	
6.575594	107.583252	1.000000	
6.547047	107.679085	1.000000	
6.518497	107.774925	1.000000	
6.489950	107.870758	1.000000	
6.461401	107.966599	1.000000	
6.432854	108.062431	1.000000	
6.404305	108.158272	1.000000	
6.375757	108.254105	1.000000	
6.347212	108.349945	1.000000	
6.318663	108.445786	1.000000	
6.290115	108.541618	1.000000	
6.261566	108.637459	1.000000	
6.233019	108.733292	1.000000	
6.204470	108.829132	1.000000	
6.175922	108.924965	1.000000	
6.147373	109.020805	1.000000	
6.118826	109.116638	1.000000	
6.090279	109.212479	1.000000	
6.061729	109.308311	1.000000	
6.033182	109.404152	1.000000	
6.004633	109.499992	1.000000	
5.976086	109.595825	1.000000	
5.947536	109.691666	1.000000	
5.918989	109.787498	1.000000	
5.890444	109.883339	1.000000	
5.861893	109.979172	1.000000	
5.833347	110.075012	1.000000	
5.804796	110.170845	1.000000	
5.776251	110.266685	1.000000	
5.747700	110.362518	1.000000	
5.719154	110.458359	1.000000	
5.690607	110.554192	1.000000	
5.662058	110.650032	1.000000	
5.633511	110.745865	1.000000	
5.604961	110.841698	1.000000	
5.576414	110.937538	1.000000	
5.547865	111.033371	1.000000	
5.519318	111.129211	1.000000	
5.490772	111.225044	1.000000	
5.462221	111.320885	1.000000	
5.433676	111.416725	1.000000	
5.405125	111.512558	1.000000	
5.376579	111.608398	1.000000	
5.348028	111.704231	1.000000	
5.319483	111.800072	1.000000	
5.290936	111.895905	1.000000	
5.262386	111.991745	1.000000	
5.233839	112.087578	1.000000	
5.205290	112.183418	1.000000	
5.176743	112.279251	1.000000	
5.148193	112.375092	1.000000	
5.119646	112.470932	1.000000	
5.091101	112.566765	1.000000	
5.062550	112.662605	1.000000	
5.034004	112.758438	1.000000	
5.005453	112.854279	1.000000	
4.976908	112.950111	1.000000	
4.948357	113.045952	1.000000	
4.919811	113.141785	1.000000	
4.891264	113.237625	1.000000	
4.862715	113.333466	1.000000	
4.834167	113.429298	1.000000	
4.805618	113.525139	1.000000	
4.777071	113.620972	1.000000	
4.748522	113.716812	1.000000	
4.719975	113.812645	1.000000	
4.691427	113.908485	1.000000	
4.662878	114.004318	1.000000	
4.634331	114.100159	1.000000	
4.605782	114.195992	1.000000	
4.577234	114.291832	1.000000	
4.548685	114.387672	1.000000	
4.520138	114.483505	1.000000	
4.491589	114.579346	1.000000	
4.463041	114.675179	1.000000	
4.434496	114.771019	1.000000	
4.405947	114.866852	1.000000	
4.377399	114.962692	1.000000	
4.348850	115.058525	1.000000	
4.320303	115.154366	1.000000	
4.291754	115.250206	1.000000	
4.263206	115.346039	1.000000	
4.234659	115.441879	1.000000	
4.206110	115.537712	1.000000	
4.177563	115.633553	1.000000	
4.149014	115.729385	1.000000	
4.120466	115.825226	1.000000	
4.091917	115.921059	1.000000	
4.063370	116.016891	1.000000	
4.034824	116.112732	1.000000	
4.006273	116.208565	1.000000	
3.977728	116.304405	1.000000	
3.949177	116.400238	1.000000	
3.920631	116.496078	1.000000	
3.892080	116.591911	1.000000	
3.863535	116.687752	1.000000	
3.834988	116.783585	1.000000	
3.806438	116.879425	1.000000	
3.777891	116.975258	1.000000	
3.749342	117.071098	1.000000	
3.720795	117.166939	1.000000	
3.692245	117.262772	1.000000	
3.663698	117.358612	1.000000	
3.635153	117.454445	1.000000	
3.606602	117.550285	1.000000	
3.578056	117.646118	1.000000	
3.549505	117.741959	1.000000	
3.520960	117.837791	1.000000	
3.492409	117.933632	1.000000	
3.463863	118.029465	1.000000	
3.435316	118.125305	1.000000	
3.406767	118.221146	1.000000	
3.378220	118.316978	1.000000	
3.349670	118.412819	1.000000	
3.321123	118.508652	1.000000	
3.292574	118.604492	1.000000	
3.264027	118.700325	1.000000	
3.235481	118.796165	1.000000	
3.206932	118.891998	1.000000	
3.178383	118.987839	1.000000	
3.149834	119.083679	1.000000	
3.121288	119.179512	1.000000	
3.092739	119.275352	1.000000	
3.064190	119.371185	1.000000	
3.035645	119.467026	1.000000	
3.007095	119.562859	1.000000	
2.978546	119.658699	1.000000	
2.949997	119.754532	1.000000	
2.921452	119.850372	1.000000	
2.892902	119.946205	1.000000	
2.864357	120.042046	1.000000	
2.835804	120.137886	1.000000	
2.807259	120.233719	1.000000	
2.778713	120.329559	1.000000	
2.750164	120.425392	1.000000	
2.721615	120.521233	1.000000	
2.693066	120.617065	1.000000	
2.664520	120.712906	1.000000	
2.635971	120.808739	1.000000	
2.607422	120.904579	1.000000	
2.578876	121.000412	1.000000	
2.550327	121.096252	1.000000	
2.521778	121.192085	1.000000	
2.493229	121.287926	1.000000	
2.464684	121.383759	1.000000	
2.436134	121.479599	1.000000	
2.407585	121.575432	1.000000	
2.379040	121.671265	1.000000	
2.350491	121.767105	1.000000	
2.321945	121.862938	1.000000	
2.293392	121.958778	1.000000	
2.264847	122.054619	1.000000	
2.236298	122.150452	1.000000	
2.207752	122.246292	1.000000	
2.179203	122.342125	1.000000	
2.150654	122.437965	1.000000	
2.122108	122.533798	1.000000	
2.093559	122.629631	1.000000	
2.065010	122.725479	1.000000	
2.036461	122.821312	1.000000	
2.007915	122.917145	1.000000	
1.979370	123.012993	1.000000	
1.950817	123.108826	1.000000	
1.922272	123.204659	1.000000	
1.893723	123.300491	1.000000	
1.865177	123.396339	1.000000	
1.836624	123.492172	1.000000	
1.808079	123.588005	1.000000	
1.779533	123.683838	1.000000	
1.750984	123.779686	1.000000	
1.722435	123.875519	1.000000	
1.693886	123.971352	1.000000	
1.665340	124.067200	1.000000	
1.636791	124.163033	1.000000	
1.608242	124.258865	1.000000	
1.579697	124.354698	1.000000	
1.551147	124.450546	1.000000	
1.522602	124.546379	1.000000	
1.494049	124.642212	1.000000	
1.465504	124.738045	1.000000	
1.436954	124.833893	1.000000	
1.408409	124.929726	1.000000	
1.379860	125.025558	1.000000	
1.351311	125.121407	1.000000	
1.322765	125.217239	1.000000	
1.294216	125.313072	1.000000	
1.265667	125.408905	1.000000	
1.237118	125.504753	1.000000	
1.208572	125.600586	1.000000	
1.180023	125.696419	1.000000	
1.151474	125.792252	1.000000	
1.122929	125.888100	1.000000	
1.094379	125.983932	1.000000	
1.065830	126.079765	1.000000	
1.037281	126.175606	1.000000	
1.008736	126.271446	1.000000	
0.980186	126.367279	1.000000	
0.951641	126.463112	1.000000	
0.923092	126.558952	1.000000	
0.894543	126.654785	1.000000	
0.865997	126.750626	1.000000	
0.837448	126.846466	1.000000	
0.808899	126.942299	1.000000	
0.780350	127.038132	1.000000	
0.751804	127.133965	1.000000	
0.723255	127.229813	1.000000	
0.694706	127.325645	1.000000	
0.666161	127.421478	1.000000	
0.637611	127.517311	1.000000	
0.609062	127.613159	1.000000	
0.580513	127.708992	1.000000	
0.551968	127.804825	1.000000	
0.523422	127.900673	1.000000	
0.494869	127.996506	1.000000	
0.466324	128.092331	1.000000	
0.437775	128.188171	1.000000	
0.409229	128.284012	1.000000	
0.380676	128.379852	1.000000	
0.352131	128.475677	1.000000	
0.323586	128.571518	1.000000	
0.295036	128.667358	1.000000	
0.266487	128.763199	1.000000	
0.237938	128.859024	1.000000	
0.209393	128.954880	1.000000	
0.180843	129.050705	1.000000	
0.152294	129.146545	1.000000	
0.123749	129.242371	1.000000	
0.095200	129.338226	1.000000	
0.066654	129.434052	1.000000	
0.038101	129.529892	1.000000	
0.009556	129.625717	1.000000	
-0.018993	129.721573	1.000000	
-0.047539	129.817398	1.000000	
-0.076088	129.913239	1.000000	
-0.104637	130.009079	1.000000	
-0.133183	130.104919	1.000000	
-0.161732	130.200745	1.000000	
-0.190281	130.296585	1.000000	
-0.218830	130.392426	1.000000	
-0.247375	130.488266	1.000000	
-0.275921	130.584091	1.000000	
-0.304474	130.679947	1.000000	
-0.333019	130.775772	1.000000	
-0.361568	130.871613	1.000000	
-0.390114	130.967438	1.000000	
-0.418667	131.063293	1.000000	
-0.447212	131.159119	1.000000	
-0.475758	131.254959	1.000000	
-0.504307	131.350784	1.000000	
-0.532856	131.446640	1.000000	
-0.561405	131.542465	1.000000	
-0.589951	131.638306	1.000000	
-0.618500	131.734146	1.000000	
-0.647049	131.829971	1.000000	
-0.675598	131.925812	1.000000	
-0.704144	132.021652	1.000000	
-0.732693	132.117493	1.000000	
-0.761242	132.213318	1.000000	
-0.789787	132.309158	1.000000	
-0.818336	132.404999	1.000000	
-0.846886	132.500839	1.000000	
-0.875435	132.596664	1.000000	
-0.903980	132.692505	1.000000	
-0.932526	132.788345	1.000000	
-0.961075	132.884186	1.000000	
-0.989624	132.980011	1.000000	
-1.018173	133.075851	1.000000	
-1.046719	133.171692	1.000000	
-1.075268	133.267532	1.000000	
-1.103817	133.363358	1.000000	
-1.132362	133.459198	1.000000	
-1.160912	133.555038	1.000000	
-1.189461	133.650879	1.000000	
-1.218010	133.746704	1.000000	
-1.246555	133.842560	1.000000	
-1.275105	133.938385	1.000000	
-1.303654	134.034225	1.000000	
-1.332199	134.130051	1.000000	
-1.360752	134.225906	1.000000	
-1.389301	134.321747	1.000000	
-1.417850	134.417603	1.000000	
-1.446400	134.513443	1.000000	
-1.474953	134.609283	1.000000	
-1.503502	134.705124	1.000000	
-1.532051	134.800964	1.000000	
-1.560600	134.896820	1.000000	
-1.589149	134.992661	1.000000	
-1.617702	135.088501	1.000000	
-1.646252	135.184341	1.000000	
-1.674801	135.280182	1.000000	
-1.703354	135.376038	1.000000	
-1.731903	135.471878	1.000000	
-1.760452	135.567734	1.000000	
-1.789001	135.663574	1.000000	
-1.817554	135.759399	1.000000	
-1.846104	135.855255	1.000000	
-1.874653	135.951096	1.000000	
-1.903202	136.046951	1.000000	
-1.931751	136.142792	1.000000	
-1.960304	136.238632	1.000000	
-1.988853	136.334473	1.000000	
-2.017406	136.430313	1.000000	
-2.045956	136.526169	1.000000	
-2.074505	136.622009	1.000000	
-2.103054	136.717865	1.000000	
-2.131603	136.813705	1.000000	
-2.160156	136.909531	1.000000	
-2.188705	137.005386	1.000000	
-2.217255	137.101227	1.000000	
-2.245804	137.197083	1.000000	
-2.274353	137.292923	1.000000	
-2.302906	137.388763	1.000000	
-2.331459	137.484604	1.000000	
-2.360008	137.580444	1.000000	
-2.388557	137.676300	1.000000	
-2.417107	137.772141	1.000000	
-2.445656	137.867996	1.000000	
-2.474209	137.963821	1.000000	
-2.502758	138.059662	1.000000	
-2.531307	138.155518	1.000000	
-2.559856	138.251358	1.000000	
-2.588406	138.347214	1.000000	
-2.616955	138.443054	1.000000	
-2.645508	138.538895	1.000000	
-2.674061	138.634735	1.000000	
-2.702610	138.730576	1.000000	
-2.731159	138.826431	1.000000	
-2.759708	138.922272	1.000000	
-2.788258	139.018127	1.000000	
-2.816811	139.113953	1.000000	
-2.845360	139.209808	1.000000	
-2.873909	139.305649	1.000000	
-2.902458	139.401505	1.000000	
-2.931007	139.497345	1.000000	
-2.959557	139.593185	1.000000	
-2.988110	139.689026	1.000000	
-3.016663	139.784866	1.000000	
-3.045212	139.880722	1.000000	
-3.073761	139.976562	1.000000	
-3.102310	140.072403	1.000000	
-3.130859	140.168243	1.000000	
-3.159412	140.264084	1.000000	
-3.187962	140.359940	1.000000	
-3.216511	140.455780	1.000000	
-3.245060	140.551636	1.000000	
-3.273609	140.647476	1.000000	
-3.302162	140.743301	1.000000	
-3.330711	140.839157	1.000000	
-3.359264	140.934998	1.000000	
-3.387814	141.030853	1.000000	
-3.416363	141.126694	1.000000	
-3.444912	141.222534	1.000000	
-3.473461	141.318375	1.000000	
-3.502014	141.414215	1.000000	
-3.530563	141.510071	1.000000	
-3.559113	141.605911	1.000000	
-3.587662	141.701767	1.000000	
-3.616215	141.797607	1.000000	
-3.644764	141.893433	1.000000	
-3.673317	141.989288	1.000000	
-3.701866	142.085129	1.000000	
-3.730415	142.180984	1.000000	
-3.758965	142.276825	1.000000	
-3.787514	142.372665	1.000000	
-3.816063	142.468506	1.000000	
-3.844616	142.564346	1.000000	
-3.873165	142.660202	1.000000	
-3.901714	142.756042	1.000000	
-3.930264	142.851898	1.000000	
-3.958817	142.947723	1.000000	
-3.987366	143.043564	1.000000	
-4.015919	143.139420	1.000000	
-4.044468	143.235260	1.000000	
-4.073017	143.331116	1.000000	
-4.101566	143.426956	1.000000	
-4.130116	143.522797	1.000000	
-4.158665	143.618637	1.000000	
-4.187218	143.714478	1.000000	
-4.215767	143.810333	1.000000	
-4.244316	143.906174	1.000000	
-4.272869	144.002029	1.000000	
-4.301418	144.097855	1.000000	
-4.329967	144.193710	1.000000	
-4.358521	144.289551	1.000000	
-4.387070	144.385391	1.000000	
-4.415619	144.481247	1.000000	
-4.444168	144.577072	1.000000	
-4.472717	144.672928	1.000000	
-4.501266	144.768768	1.000000	
-4.529819	144.864609	1.000000	
-4.558369	144.960464	1.000000	
-4.586922	145.056305	1.000000	
-4.615471	145.152145	1.000000	
-4.644020	145.247986	1.000000	
-4.672569	145.343842	1.000000	
-4.701122	145.439682	1.000000	
-4.729671	145.535522	1.000000	
-4.758221	145.631378	1.000000	
-4.786770	145.727203	1.000000	
-4.815319	145.823059	1.000000	
-4.843868	145.918900	1.000000	
-4.872421	146.014740	1.000000	
-4.900970	146.110596	1.000000	
-4.929523	146.206436	1.000000	
-4.958073	146.302277	1.000000	
-4.986622	146.398117	1.000000	
-5.015171	146.493973	1.000000	
-5.043724	146.589813	1.000000	
-5.072273	146.685654	1.000000	
-5.100822	146.781509	1.000000	
-5.129372	146.877335	1.000000	
-5.157921	146.973190	1.000000	
-5.186470	147.069031	1.000000	
-5.215023	147.164871	1.000000	
-5.243576	147.260727	1.000000	
-5.272125	147.356552	1.000000	
-5.300674	147.452408	1.000000	
-5.329224	147.548248	1.000000	
-5.357773	147.644104	1.000000	
-5.386326	147.739944	1.000000	
-5.414875	147.835785	1.000000	
-5.443424	147.931625	1.000000	
-5.471973	148.027466	1.000000	
-5.500523	148.123322	1.000000	
-5.529072	148.219162	1.000000	
-5.557629	148.315002	1.000000	
-5.586178	148.410858	1.000000	
-5.614727	148.506683	1.000000	
-5.643276	148.602539	1.000000	
-5.671825	148.698380	1.000000	
-5.700375	148.794235	1.000000	
-5.728928	148.890076	1.000000	
-5.757477	148.985916	1.000000	
-5.786026	149.081757	1.000000	
-5.814575	149.177597	1.000000	
-5.843124	149.273453	1.000000	
-5.871677	149.369293	1.000000	
-5.900230	149.465134	1.000000	
-5.928780	149.560974	1.000000	
-5.957329	149.656815	1.000000	
-5.985878	149.752670	1.000000	
-6.014427	149.848511	1.000000	
-6.042976	149.944366	1.000000	
-6.071529	150.040207	1.000000	
-6.100079	150.136032	1.000000	
-6.128628	150.231888	1.000000	
-6.157177	150.327728	1.000000	
-6.185726	150.423584	1.000000	
-6.214279	150.519424	1.000000	
-6.242832	150.615265	1.000000	
-6.271381	150.711105	1.000000	
-6.299931	150.806946	1.000000	
-6.328480	150.902802	1.000000	
-6.357029	150.998642	1.000000	
-6.385578	151.094498	1.000000	
-6.414131	151.190338	1.000000	
-6.442680	151.286163	1.000000	
-6.471230	151.382019	1.000000	
-6.499779	151.477859	1.000000	
-6.528332	151.573715	1.000000	
-6.556881	151.669556	1.000000	
-6.585434	151.765396	1.000000	
-6.613983	151.861237	1.000000	
-6.642532	151.957077	1.000000	
-6.671082	152.052933	1.000000	
-6.699631	152.148773	1.000000	
-6.728180	152.244629	1.000000	
-6.756733	152.340454	1.000000	
-6.785282	152.436310	1.000000	
-6.813831	152.532150	1.000000	
-6.840000	152.619995	1.000000	
-6.869648	152.715500	1.000000	
-6.899295	152.811005	1.000000	
-6.928942	152.906509	1.000000	
-6.958589	153.002014	1.000000	
-6.988236	153.097519	1.000000	
-7.017884	153.193024	1.000000	
-7.047531	153.288528	1.000000	
-7.077178	153.384033	1.000000	
-7.106826	153.479538	1.000000	
-7.136473	153.575043	1.000000	
-7.166121	153.670547	1.000000	
-7.195767	153.766052	1.000000	
-7.225415	153.861542	1.000000	
-7.255062	153.957047	1.000000	
-7.284709	154.052551	1.000000	
-7.314357	154.148056	1.000000	
-7.344004	154.243561	1.000000	
-7.373652	154.339066	1.000000	
-7.403298	154.434570	1.000000	
-7.432946	154.530075	1.000000	
-7.462593	154.625580	1.000000	
-7.492240	154.721085	1.000000	
-7.521888	154.816589	1.000000	
-7.551535	154.912094	1.000000	
-7.581182	155.007599	1.000000	
-7.610829	155.103104	1.000000	
-7.640477	155.198608	1.000000	
-7.670124	155.294113	1.000000	
-7.699771	155.389618	1.000000	
-7.729418	155.485123	1.000000	
-7.759066	155.580627	1.000000	
-7.788713	155.676132	1.000000	
-7.818360	155.771637	1.000000	
-7.848007	155.867142	1.000000	
-7.877655	155.962631	1.000000	
-7.907302	156.058136	1.000000	
-7.936949	156.153641	1.000000	
-7.966597	156.249146	1.000000	
-7.996243	156.344650	1.000000	
-8.025891	156.440155	1.000000	
-8.055538	156.535660	1.000000	
-8.085186	156.631165	1.000000	
-8.114833	156.726669	1.000000	
-8.144480	156.822174	1.000000	
-8.174128	156.917679	1.000000	
-8.203774	157.013184	1.000000	
-8.233421	157.108688	1.000000	
-8.263069	157.204193	1.000000	
-8.292716	157.299698	1.000000	
-8.322364	157.395203	1.000000	
-8.352011	157.490707	1.000000	
-8.381659	157.586212	1.000000	
-8.411305	157.681717	1.000000	
-8.440952	157.777222	1.000000	
-8.470600	157.872726	1.000000	
-8.500247	157.968216	1.000000	
-8.529894	158.063721	1.000000	
-8.559542	158.159225	1.000000	
-8.589189	158.254730	1.000000	
-8.618836	158.350235	1.000000	
-8.648483	158.445740	1.000000	
-8.678131	158.541245	1.000000	
-8.707778	158.636749	1.000000	
-8.737425	158.732254	1.000000	
-8.767073	158.827759	1.000000	
-8.796720	158.923264	1.000000	
-8.826367	159.018768	1.000000	
-8.856014	159.114273	1.000000	
-8.885661	159.209778	1.000000	
-8.915309	159.305283	1.000000	
-8.944956	159.400787	1.000000	
-8.974604	159.496292	1.000000	
-9.004251	159.591797	1.000000	
-9.033897	159.687302	1.000000	
-9.063545	159.782806	1.000000	
-9.093192	159.878296	1.000000	
-9.122839	159.973801	1.000000	
-9.152487	160.069305	1.000000	
-9.182134	160.164810	1.000000	
-9.211782	160.260315	1.000000	
-9.241428	160.355820	1.000000	
-9.271076	160.451324	1.000000	
-9.300723	160.546829	1.000000	
-9.330371	160.642334	1.000000	
-9.360018	160.737839	1.000000	
-9.389666	160.833344	1.000000	
-9.419313	160.928848	1.000000	
-9.448960	161.024353	1.000000	
-9.478607	161.119858	1.000000	
-9.508255	161.215363	1.000000	
-9.537903	161.310867	1.000000	
-9.567550	161.406372	1.000000	
-9.597198	161.501877	1.000000	
-9.626844	161.597382	1.000000	
-9.656492	161.692886	1.000000	
-9.686139	161.788391	1.000000	
-9.715787	161.883896	1.000000	
-9.745434	161.979401	1.000000	
-9.775082	162.074905	1.000000	
-9.804729	162.170410	1.000000	
-9.834376	162.265915	1.000000	
-9.864023	162.361420	1.000000	
-9.893671	162.456924	1.000000	
-9.923319	162.552429	1.000000	
-9.952966	162.647934	1.000000	
-9.982614	162.743439	1.000000	
-10.012260	162.838943	1.000000	
-10.041908	162.934448	1.000000	
-10.071556	163.029953	1.000000	
-10.101203	163.125458	1.000000	
-10.130850	163.220963	1.000000	
-10.160498	163.316467	1.000000	
-10.190145	163.411972	1.000000	
-10.219792	163.507477	1.000000	
-10.249440	163.602982	1.000000	
-10.279087	163.698486	1.000000	
-10.308735	163.793991	1.000000	
-10.338383	163.889496	1.000000	
-10.368030	163.985001	1.000000	
-10.397676	164.080505	1.000000	
-10.427324	164.176010	1.000000	
-10.456972	164.271515	1.000000	
-10.486619	164.367020	1.000000	
-10.516267	164.462524	1.000000	
-10.545914	164.558014	1.000000	
-10.575562	164.653534	1.000000	
-10.605208	164.749023	1.000000	
-10.634856	164.844528	1.000000	
-10.664503	164.940033	1.000000	
-10.694151	165.035538	1.000000	
-10.723799	165.131042	1.000000	
-10.753446	165.226547	1.000000	
-10.783092	165.322052	1.000000	
-10.812740	165.417557	1.000000	
-10.842388	165.513062	1.000000	
-10.872035	165.608566	1.000000	
-10.901683	165.704071	1.000000	
-10.931330	165.799576	1.000000	
-10.960978	165.895081	1.000000	
-10.990625	165.990585	1.000000	
-11.020272	166.086090	1.000000	
-11.049919	166.181595	1.000000	
-11.079567	166.277100	1.000000	
-11.109215	166.372604	1.000000	
-11.138862	166.468109	1.000000	
-11.168509	166.563614	1.000000	
-11.198156	166.659119	1.000000	
-11.227804	166.754623	1.000000	
-11.257452	166.850128	1.000000	
-11.287099	166.945633	1.000000	
-11.316746	167.041138	1.000000	
-11.345652	167.134247	0.975000	
-11.373816	167.224976	0.950000	
-11.401240	167.313324	0.925000	
-11.427923	167.399277	0.900000	
-11.453864	167.482849	0.875000	
-11.479065	167.564026	0.850000	
-11.503524	167.642807	0.825000	
-11.527242	167.719223	0.800000	
-11.550219	167.793228	0.775000	
-11.572453	167.864868	0.750000	
-11.593948	167.934097	0.725000	
-11.614701	168.000961	0.700000	
-11.634713	168.065414	0.675000	
-11.653984	168.127502	0.650000	
-11.672513	168.187195	0.625000	
-11.690302	168.244492	0.600000	
-11.707349	168.299408	0.575000	
-11.723655	168.351929	0.550000	
-11.739220	168.402069	0.525000	
-11.754044	168.449829	0.500000	
-11.768126	168.495193	0.475000	
-11.781467	168.538162	0.450000	
-11.794067	168.578751	0.425000	
-11.805926	168.616959	0.400000	
-11.817044	168.652771	0.375000	
-11.827420	168.686203	0.350000	
-11.837056	168.717239	0.325000	
-11.845950	168.745880	0.300000	
-11.854103	168.772156	0.275000	
-11.861515	168.796021	0.250000	
-11.868186	168.817520	0.225000	
-11.874115	168.836609	0.200000	
-11.879303	168.853333	0.175000	
-11.883751	168.867661	0.150000	
-11.887456	168.879593	0.125000	
-11.890421	168.889145	0.100000	
-11.892645	168.896301	0.075000	
-11.894127	168.901077	0.050000	
-11.894868	168.903473	0.025000	
-11.894868	168.903473	0.000000	
