=================================
point_num = 2597
24.629999	46.730000	0.000000	
24.629646	46.731197	0.012500	
24.628939	46.733597	0.025000	
24.627880	46.737194	0.037500	
24.626467	46.741989	0.050000	
24.624701	46.747986	0.062500	
24.622581	46.755180	0.075000	
24.620108	46.763573	0.087500	
24.617281	46.773167	0.100000	
24.614103	46.783958	0.112500	
24.610571	46.795948	0.125000	
24.606684	46.809135	0.137500	
24.602446	46.823524	0.150000	
24.597853	46.839111	0.162500	
24.592907	46.855900	0.175000	
24.587608	46.873886	0.187500	
24.581957	46.893070	0.200000	
24.575951	46.913452	0.212500	
24.569592	46.935036	0.225000	
24.562880	46.957817	0.237500	
24.555815	46.981800	0.250000	
24.548397	47.006981	0.262500	
24.540625	47.033360	0.275000	
24.532499	47.060936	0.287500	
24.524021	47.089714	0.300000	
24.515190	47.119690	0.312500	
24.506006	47.150864	0.325000	
24.496468	47.183239	0.337500	
24.486576	47.216812	0.350000	
24.476332	47.251583	0.362500	
24.465734	47.287556	0.375000	
24.454784	47.324726	0.387500	
24.443480	47.363094	0.400000	
24.431822	47.402664	0.412500	
24.419811	47.443432	0.425000	
24.407448	47.485397	0.437500	
24.394730	47.528564	0.450000	
24.381659	47.572929	0.462500	
24.368235	47.618492	0.475000	
24.354458	47.665253	0.487500	
24.340328	47.713215	0.500000	
24.326199	47.761177	0.500000	
24.312067	47.809139	0.500000	
24.297937	47.857101	0.500000	
24.283808	47.905064	0.500000	
24.269676	47.953026	0.500000	
24.255547	48.000988	0.500000	
24.241417	48.048950	0.500000	
24.227285	48.096909	0.500000	
24.213156	48.144871	0.500000	
24.199026	48.192833	0.500000	
24.184895	48.240795	0.500000	
24.170765	48.288757	0.500000	
24.156635	48.336720	0.500000	
24.142504	48.384682	0.500000	
24.128374	48.432644	0.500000	
24.114244	48.480606	0.500000	
24.100113	48.528564	0.500000	
24.085983	48.576527	0.500000	
24.071854	48.624489	0.500000	
24.057722	48.672451	0.500000	
24.043592	48.720413	0.500000	
24.029463	48.768375	0.500000	
24.015331	48.816338	0.500000	
24.001202	48.864300	0.500000	
23.987072	48.912262	0.500000	
23.972940	48.960220	0.500000	
23.958811	49.008183	0.500000	
23.944681	49.056145	0.500000	
23.930550	49.104107	0.500000	
23.916420	49.152069	0.500000	
23.902290	49.200031	0.500000	
23.888159	49.247993	0.500000	
23.874029	49.295956	0.500000	
23.859900	49.343918	0.500000	
23.845768	49.391876	0.500000	
23.831638	49.439838	0.500000	
23.817509	49.487801	0.500000	
23.803377	49.535763	0.500000	
23.789248	49.583725	0.500000	
23.775118	49.631687	0.500000	
23.760986	49.679649	0.500000	
23.746857	49.727612	0.500000	
23.732727	49.775574	0.500000	
23.718596	49.823532	0.500000	
23.704466	49.871494	0.500000	
23.690336	49.919456	0.500000	
23.676205	49.967419	0.500000	
23.662075	50.015381	0.500000	
23.647945	50.063343	0.500000	
23.633814	50.111305	0.500000	
23.619684	50.159267	0.500000	
23.605555	50.207230	0.500000	
23.591423	50.255188	0.500000	
23.577293	50.303150	0.500000	
23.563164	50.351112	0.500000	
23.549032	50.399075	0.500000	
23.534903	50.447037	0.500000	
23.520771	50.494999	0.500000	
23.506641	50.542961	0.500000	
23.492512	50.590923	0.500000	
23.478380	50.638885	0.500000	
23.464251	50.686848	0.500000	
23.450121	50.734810	0.500000	
23.435989	50.782772	0.500000	
23.421860	50.830734	0.500000	
23.407730	50.878693	0.500000	
23.393599	50.926655	0.500000	
23.379469	50.974617	0.500000	
23.365337	51.022579	0.500000	
23.351208	51.070541	0.500000	
23.337078	51.118504	0.500000	
23.322947	51.166466	0.500000	
23.308817	51.214428	0.500000	
23.294687	51.262390	0.500000	
23.280556	51.310352	0.500000	
23.266426	51.358315	0.500000	
23.252296	51.406277	0.500000	
23.238165	51.454239	0.500000	
23.224035	51.502201	0.500000	
23.209904	51.550163	0.500000	
23.195774	51.598125	0.500000	
23.181644	51.646088	0.500000	
23.167513	51.694050	0.500000	
23.153383	51.742012	0.500000	
23.139252	51.789970	0.500000	
23.125122	51.837933	0.500000	
23.110992	51.885895	0.500000	
23.096861	51.933857	0.500000	
23.082731	51.981819	0.500000	
23.068602	52.029781	0.500000	
23.054470	52.077744	0.500000	
23.040340	52.125706	0.500000	
23.026211	52.173668	0.500000	
23.012079	52.221630	0.500000	
22.997950	52.269592	0.500000	
22.983818	52.317554	0.500000	
22.969688	52.365517	0.500000	
22.955559	52.413479	0.500000	
22.941427	52.461441	0.500000	
22.927298	52.509403	0.500000	
22.913168	52.557365	0.500000	
22.899036	52.605328	0.500000	
22.884907	52.653290	0.500000	
22.870775	52.701248	0.500000	
22.856646	52.749210	0.500000	
22.842516	52.797173	0.500000	
22.828384	52.845135	0.500000	
22.814255	52.893097	0.500000	
22.800125	52.941059	0.500000	
22.785994	52.989021	0.500000	
22.771864	53.036983	0.500000	
22.757732	53.084946	0.500000	
22.743603	53.132908	0.500000	
22.729473	53.180870	0.500000	
22.715342	53.228832	0.500000	
22.701212	53.276794	0.500000	
22.687082	53.324757	0.500000	
22.672951	53.372719	0.500000	
22.658821	53.420681	0.500000	
22.644691	53.468643	0.500000	
22.630560	53.516605	0.500000	
22.616430	53.564568	0.500000	
22.602299	53.612526	0.500000	
22.588169	53.660488	0.500000	
22.574039	53.708450	0.500000	
22.559908	53.756413	0.500000	
22.545778	53.804375	0.500000	
22.531647	53.852337	0.500000	
22.517517	53.900299	0.500000	
22.503387	53.948261	0.500000	
22.489256	53.996223	0.500000	
22.475126	54.044186	0.500000	
22.460997	54.092148	0.500000	
22.446865	54.140110	0.500000	
22.432735	54.188072	0.500000	
22.418606	54.236034	0.500000	
22.404474	54.283997	0.500000	
22.390345	54.331959	0.500000	
22.376213	54.379921	0.500000	
22.362083	54.427879	0.500000	
22.347954	54.475845	0.500000	
22.333822	54.523804	0.500000	
22.319693	54.571766	0.500000	
22.305563	54.619728	0.500000	
22.291431	54.667690	0.500000	
22.277302	54.715652	0.500000	
22.263172	54.763615	0.500000	
22.249041	54.811577	0.500000	
22.234911	54.859539	0.500000	
22.220779	54.907501	0.500000	
22.206650	54.955463	0.500000	
22.192520	55.003426	0.500000	
22.178389	55.051388	0.500000	
22.164259	55.099350	0.500000	
22.150129	55.147312	0.500000	
22.135998	55.195274	0.500000	
22.121868	55.243233	0.500000	
22.107738	55.291199	0.500000	
22.093607	55.339157	0.500000	
22.079477	55.387123	0.500000	
22.065346	55.435081	0.500000	
22.051216	55.483047	0.500000	
22.037086	55.531006	0.500000	
22.022955	55.578968	0.500000	
22.008825	55.626930	0.500000	
21.994694	55.674892	0.500000	
21.980564	55.722855	0.500000	
21.966434	55.770817	0.500000	
21.952303	55.818779	0.500000	
21.938173	55.866741	0.500000	
21.924044	55.914703	0.500000	
21.909912	55.962666	0.500000	
21.895782	56.010628	0.500000	
21.881653	56.058590	0.500000	
21.867521	56.106552	0.500000	
21.853392	56.154514	0.500000	
21.839260	56.202477	0.500000	
21.825130	56.250435	0.500000	
21.811001	56.298401	0.500000	
21.796869	56.346359	0.500000	
21.782740	56.394325	0.500000	
21.768610	56.442284	0.500000	
21.754478	56.490246	0.500000	
21.740349	56.538208	0.500000	
21.726217	56.586170	0.500000	
21.712088	56.634132	0.500000	
21.697958	56.682095	0.500000	
21.683826	56.730057	0.500000	
21.669697	56.778019	0.500000	
21.655567	56.825981	0.500000	
21.641436	56.873943	0.500000	
21.627306	56.921906	0.500000	
21.613174	56.969868	0.500000	
21.599045	57.017830	0.500000	
21.584915	57.065792	0.500000	
21.570784	57.113754	0.500000	
21.556654	57.161713	0.500000	
21.542522	57.209679	0.500000	
21.528393	57.257637	0.500000	
21.514263	57.305603	0.500000	
21.500134	57.353561	0.500000	
21.486002	57.401524	0.500000	
21.471872	57.449486	0.500000	
21.457741	57.497448	0.500000	
21.443611	57.545410	0.500000	
21.429482	57.593372	0.500000	
21.415350	57.641335	0.500000	
21.401220	57.689297	0.500000	
21.387089	57.737259	0.500000	
21.372959	57.785221	0.500000	
21.358829	57.833183	0.500000	
21.344698	57.881145	0.500000	
21.330568	57.929108	0.500000	
21.316439	57.977070	0.500000	
21.302307	58.025032	0.500000	
21.288177	58.072990	0.500000	
21.274048	58.120956	0.500000	
21.259916	58.168915	0.500000	
21.245787	58.216881	0.500000	
21.231655	58.264839	0.500000	
21.217525	58.312801	0.500000	
21.203396	58.360764	0.500000	
21.189264	58.408726	0.500000	
21.175135	58.456688	0.500000	
21.161005	58.504650	0.500000	
21.146873	58.552612	0.500000	
21.132744	58.600574	0.500000	
21.118614	58.648537	0.500000	
21.104483	58.696499	0.500000	
21.090353	58.744461	0.500000	
21.076221	58.792423	0.500000	
21.062092	58.840385	0.500000	
21.047962	58.888344	0.500000	
21.033831	58.936310	0.500000	
21.019701	58.984272	0.500000	
21.005569	59.032230	0.500000	
20.991440	59.080193	0.500000	
20.977310	59.128159	0.500000	
20.963181	59.176117	0.500000	
20.949049	59.224079	0.500000	
20.934919	59.272041	0.500000	
20.920788	59.320004	0.500000	
20.906658	59.367966	0.500000	
20.892529	59.415928	0.500000	
20.878397	59.463890	0.500000	
20.864267	59.511852	0.500000	
20.850136	59.559814	0.500000	
20.836006	59.607777	0.500000	
20.821877	59.655739	0.500000	
20.807745	59.703701	0.500000	
20.793615	59.751663	0.500000	
20.779486	59.799625	0.500000	
20.765354	59.847588	0.500000	
20.751225	59.895546	0.500000	
20.737093	59.943512	0.500000	
20.722963	59.991470	0.500000	
20.708834	60.039433	0.500000	
20.694702	60.087395	0.500000	
20.680573	60.135361	0.500000	
20.666443	60.183319	0.500000	
20.652311	60.231281	0.500000	
20.638182	60.279243	0.500000	
20.624050	60.327206	0.500000	
20.609921	60.375168	0.500000	
20.595791	60.423130	0.500000	
20.581659	60.471092	0.500000	
20.567530	60.519054	0.500000	
20.553400	60.567017	0.500000	
20.539268	60.614979	0.500000	
20.525139	60.662941	0.500000	
20.511009	60.710899	0.500000	
20.496878	60.758865	0.500000	
20.482748	60.806828	0.500000	
20.468616	60.854786	0.500000	
20.454487	60.902748	0.500000	
20.440357	60.950714	0.500000	
20.426226	60.998672	0.500000	
20.412096	61.046635	0.500000	
20.397966	61.094597	0.500000	
20.383835	61.142559	0.500000	
20.369705	61.190521	0.500000	
20.355576	61.238483	0.500000	
20.341444	61.286446	0.500000	
20.327314	61.334408	0.500000	
20.313183	61.382370	0.500000	
20.299053	61.430332	0.500000	
20.284924	61.478294	0.500000	
20.270792	61.526257	0.500000	
20.256662	61.574219	0.500000	
20.242531	61.622181	0.500000	
20.228401	61.670143	0.500000	
20.214272	61.718102	0.500000	
20.200140	61.766068	0.500000	
20.186010	61.814026	0.500000	
20.171879	61.861988	0.500000	
20.157749	61.909950	0.500000	
20.143620	61.957916	0.500000	
20.129490	62.005875	0.500000	
20.115358	62.053837	0.500000	
20.101229	62.101799	0.500000	
20.087099	62.149757	0.500000	
20.072968	62.197720	0.500000	
20.058838	62.245682	0.500000	
20.044708	62.293640	0.500000	
20.030579	62.341602	0.500000	
20.016449	62.389565	0.500000	
20.002317	62.437527	0.500000	
19.988188	62.485489	0.500000	
19.974058	62.533447	0.500000	
19.959929	62.581409	0.500000	
19.945797	62.629372	0.500000	
19.931667	62.677330	0.500000	
19.917538	62.725292	0.500000	
19.903408	62.773254	0.500000	
19.889278	62.821213	0.500000	
19.875147	62.869179	0.500000	
19.861017	62.917137	0.500000	
19.846888	62.965096	0.500000	
19.832756	63.013062	0.500000	
19.818626	63.061020	0.500000	
19.804497	63.108978	0.500000	
19.790367	63.156944	0.500000	
19.776237	63.204903	0.500000	
19.762108	63.252865	0.500000	
19.747976	63.300827	0.500000	
19.733847	63.348785	0.500000	
19.719717	63.396748	0.500000	
19.705585	63.444710	0.500000	
19.691456	63.492668	0.500000	
19.677326	63.540634	0.500000	
19.663197	63.588593	0.500000	
19.649067	63.636551	0.500000	
19.634935	63.684517	0.500000	
19.620806	63.732475	0.500000	
19.606676	63.780437	0.500000	
19.592545	63.828400	0.500000	
19.578415	63.876358	0.500000	
19.564285	63.924320	0.500000	
19.550156	63.972282	0.500000	
19.536026	64.020241	0.500000	
19.521896	64.068207	0.500000	
19.507765	64.116165	0.500000	
19.493635	64.164124	0.500000	
19.479506	64.212082	0.500000	
19.465374	64.260048	0.500000	
19.451244	64.308006	0.500000	
19.437115	64.355972	0.500000	
19.422985	64.403931	0.500000	
19.408855	64.451889	0.500000	
19.394726	64.499855	0.500000	
19.380594	64.547813	0.500000	
19.366465	64.595779	0.500000	
19.352335	64.643738	0.500000	
19.338203	64.691696	0.500000	
19.324074	64.739655	0.500000	
19.309944	64.787621	0.500000	
19.295815	64.835579	0.500000	
19.281685	64.883545	0.500000	
19.267553	64.931503	0.500000	
19.253424	64.979462	0.500000	
19.239294	65.027420	0.500000	
19.225164	65.075386	0.500000	
19.211033	65.123344	0.500000	
19.196903	65.171310	0.500000	
19.182774	65.219269	0.500000	
19.168644	65.267227	0.500000	
19.154514	65.315186	0.500000	
19.140383	65.363152	0.500000	
19.126253	65.411110	0.500000	
19.112123	65.459076	0.500000	
19.097992	65.507034	0.500000	
19.083862	65.554993	0.500000	
19.069733	65.602959	0.500000	
19.055603	65.650917	0.500000	
19.041473	65.698883	0.500000	
19.027344	65.746841	0.500000	
19.013212	65.794800	0.500000	
18.999083	65.842758	0.500000	
18.984953	65.890724	0.500000	
18.970821	65.938683	0.500000	
18.956692	65.986649	0.500000	
18.942562	66.034607	0.500000	
18.928432	66.082565	0.500000	
18.914303	66.130531	0.500000	
18.900171	66.178490	0.500000	
18.886042	66.226448	0.500000	
18.871912	66.274414	0.500000	
18.857780	66.322372	0.500000	
18.843651	66.370331	0.500000	
18.829521	66.418297	0.500000	
18.815392	66.466255	0.500000	
18.801262	66.514221	0.500000	
18.787132	66.562180	0.500000	
18.773003	66.610138	0.500000	
18.758871	66.658104	0.500000	
18.744741	66.706062	0.500000	
18.730610	66.754021	0.500000	
18.716480	66.801987	0.500000	
18.702351	66.849945	0.500000	
18.688221	66.897903	0.500000	
18.674091	66.945869	0.500000	
18.659962	66.993828	0.500000	
18.645830	67.041794	0.500000	
18.631701	67.089752	0.500000	
18.617569	67.137711	0.500000	
18.603441	67.185669	0.500000	
18.589310	67.233635	0.500000	
18.575180	67.281593	0.500000	
18.561050	67.329559	0.500000	
18.546921	67.377518	0.500000	
18.532789	67.425476	0.500000	
18.518660	67.473434	0.500000	
18.504530	67.521400	0.500000	
18.490400	67.569366	0.500000	
18.476269	67.617325	0.500000	
18.462139	67.665283	0.500000	
18.448009	67.713242	0.500000	
18.433880	67.761208	0.500000	
18.419750	67.809166	0.500000	
18.405619	67.857132	0.500000	
18.391489	67.905090	0.500000	
18.377359	67.953049	0.500000	
18.363228	68.001007	0.500000	
18.349098	68.048973	0.500000	
18.334969	68.096931	0.500000	
18.320839	68.144897	0.500000	
18.306709	68.192856	0.500000	
18.292580	68.240814	0.500000	
18.278448	68.288773	0.500000	
18.264318	68.336739	0.500000	
18.250189	68.384697	0.500000	
18.236057	68.432663	0.500000	
18.221928	68.480621	0.500000	
18.207798	68.528580	0.500000	
18.193668	68.576546	0.500000	
18.179539	68.624504	0.500000	
18.165409	68.672470	0.500000	
18.151278	68.720428	0.500000	
18.137148	68.768387	0.500000	
18.123018	68.816345	0.500000	
18.108887	68.864311	0.500000	
18.094757	68.912270	0.500000	
18.080627	68.960236	0.500000	
18.066498	69.008194	0.500000	
18.052368	69.056152	0.500000	
18.038237	69.104118	0.500000	
18.024107	69.152077	0.500000	
18.009977	69.200035	0.500000	
17.995848	69.248001	0.500000	
17.981716	69.295959	0.500000	
17.967587	69.343918	0.500000	
17.953457	69.391884	0.500000	
17.939327	69.439842	0.500000	
17.925196	69.487808	0.500000	
17.911068	69.535767	0.500000	
17.896936	69.583725	0.500000	
17.882807	69.631691	0.500000	
17.868675	69.679649	0.500000	
17.854546	69.727608	0.500000	
17.840416	69.775574	0.500000	
17.826286	69.823532	0.500000	
17.812157	69.871490	0.500000	
17.798027	69.919456	0.500000	
17.783895	69.967415	0.500000	
17.769766	70.015381	0.500000	
17.755634	70.063339	0.500000	
17.741507	70.111298	0.500000	
17.727375	70.159256	0.500000	
17.713245	70.207222	0.500000	
17.699116	70.255180	0.500000	
17.684986	70.303146	0.500000	
17.670855	70.351105	0.500000	
17.656725	70.399063	0.500000	
17.642595	70.447021	0.500000	
17.628466	70.494987	0.500000	
17.614334	70.542946	0.500000	
17.600204	70.590912	0.500000	
17.586075	70.638870	0.500000	
17.571945	70.686829	0.500000	
17.557816	70.734787	0.500000	
17.543684	70.782753	0.500000	
17.529554	70.830711	0.500000	
17.515425	70.878677	0.500000	
17.501293	70.926636	0.500000	
17.487164	70.974594	0.500000	
17.473034	71.022560	0.500000	
17.458904	71.070518	0.500000	
17.444775	71.118484	0.500000	
17.430645	71.166443	0.500000	
17.416513	71.214401	0.500000	
17.402384	71.262367	0.500000	
17.388254	71.310326	0.500000	
17.374123	71.358292	0.500000	
17.359993	71.406250	0.500000	
17.345863	71.454208	0.500000	
17.331734	71.502167	0.500000	
17.317604	71.550133	0.500000	
17.303474	71.598091	0.500000	
17.289343	71.646057	0.500000	
17.275213	71.694016	0.500000	
17.261084	71.741974	0.500000	
17.246952	71.789932	0.500000	
17.232822	71.837898	0.500000	
17.218693	71.885857	0.500000	
17.204563	71.933823	0.500000	
17.190434	71.981781	0.500000	
17.176302	72.029739	0.500000	
17.162172	72.077705	0.500000	
17.148043	72.125664	0.500000	
17.133913	72.173622	0.500000	
17.119781	72.221588	0.500000	
17.105652	72.269547	0.500000	
17.091522	72.317505	0.500000	
17.077393	72.365471	0.500000	
17.063261	72.413429	0.500000	
17.049133	72.461395	0.500000	
17.035002	72.509354	0.500000	
17.020872	72.557312	0.500000	
17.006741	72.605270	0.500000	
16.992611	72.653236	0.500000	
16.978481	72.701195	0.500000	
16.964352	72.749161	0.500000	
16.950222	72.797119	0.500000	
16.936092	72.845078	0.500000	
16.921961	72.893036	0.500000	
16.907831	72.941002	0.500000	
16.893700	72.988960	0.500000	
16.879572	73.036926	0.500000	
16.865440	73.084885	0.500000	
16.851311	73.132843	0.500000	
16.837181	73.180809	0.500000	
16.823051	73.228767	0.500000	
16.808920	73.276733	0.500000	
16.794790	73.324692	0.500000	
16.780661	73.372650	0.500000	
16.766531	73.420616	0.500000	
16.752399	73.468575	0.500000	
16.738270	73.516533	0.500000	
16.724140	73.564499	0.500000	
16.710011	73.612457	0.500000	
16.695881	73.660416	0.500000	
16.681749	73.708382	0.500000	
16.667620	73.756340	0.500000	
16.653490	73.804306	0.500000	
16.639359	73.852264	0.500000	
16.625229	73.900223	0.500000	
16.611099	73.948181	0.500000	
16.596970	73.996147	0.500000	
16.582840	74.044106	0.500000	
16.568710	74.092072	0.500000	
16.554579	74.140030	0.500000	
16.540449	74.187988	0.500000	
16.526320	74.235947	0.500000	
16.512188	74.283913	0.500000	
16.498058	74.331871	0.500000	
16.483929	74.379837	0.500000	
16.469799	74.427795	0.500000	
16.455669	74.475754	0.500000	
16.441540	74.523720	0.500000	
16.427408	74.571678	0.500000	
16.413279	74.619637	0.500000	
16.399147	74.667603	0.500000	
16.385017	74.715561	0.500000	
16.370888	74.763519	0.500000	
16.356758	74.811485	0.500000	
16.342628	74.859444	0.500000	
16.328499	74.907410	0.500000	
16.314369	74.955368	0.500000	
16.300238	75.003326	0.500000	
16.286106	75.051285	0.500000	
16.271978	75.099251	0.500000	
16.257847	75.147209	0.500000	
16.243717	75.195175	0.500000	
16.229588	75.243134	0.500000	
16.215458	75.291092	0.500000	
16.201328	75.339058	0.500000	
16.187199	75.387016	0.500000	
16.173067	75.434982	0.500000	
16.158937	75.482941	0.500000	
16.144806	75.530899	0.500000	
16.130676	75.578857	0.500000	
16.116547	75.626823	0.500000	
16.102417	75.674782	0.500000	
16.088287	75.722748	0.500000	
16.074158	75.770706	0.500000	
16.060026	75.818665	0.500000	
16.045897	75.866631	0.500000	
16.031765	75.914589	0.500000	
16.017635	75.962547	0.500000	
16.003506	76.010513	0.500000	
15.989376	76.058472	0.500000	
15.975246	76.106430	0.500000	
15.961116	76.154396	0.500000	
15.946985	76.202354	0.500000	
15.932857	76.250320	0.500000	
15.918726	76.298279	0.500000	
15.904595	76.346237	0.500000	
15.890466	76.394196	0.500000	
15.876335	76.442162	0.500000	
15.862206	76.490120	0.500000	
15.848075	76.538086	0.500000	
15.833945	76.586044	0.500000	
15.819816	76.634003	0.500000	
15.805685	76.681961	0.500000	
15.791554	76.729927	0.500000	
15.777425	76.777885	0.500000	
15.763294	76.825851	0.500000	
15.749165	76.873810	0.500000	
15.735035	76.921768	0.500000	
15.720904	76.969727	0.500000	
15.706775	77.017693	0.500000	
15.692644	77.065651	0.500000	
15.678514	77.113617	0.500000	
15.664385	77.161575	0.500000	
15.650254	77.209534	0.500000	
15.636125	77.257500	0.500000	
15.621994	77.305466	0.500000	
15.607863	77.353424	0.500000	
15.593734	77.401382	0.500000	
15.579603	77.449341	0.500000	
15.565474	77.497307	0.500000	
15.551343	77.545265	0.500000	
15.537213	77.593231	0.500000	
15.523083	77.641190	0.500000	
15.508953	77.689148	0.500000	
15.494823	77.737106	0.500000	
15.480693	77.785072	0.500000	
15.466562	77.833031	0.500000	
15.452433	77.880997	0.500000	
15.438302	77.928955	0.500000	
15.424172	77.976913	0.500000	
15.410043	78.024879	0.500000	
15.395912	78.072838	0.500000	
15.381783	78.120804	0.500000	
15.367652	78.168762	0.500000	
15.353521	78.216721	0.500000	
15.339393	78.264687	0.500000	
15.325262	78.312645	0.500000	
15.311131	78.360603	0.500000	
15.297002	78.408569	0.500000	
15.282871	78.456528	0.500000	
15.268742	78.504486	0.500000	
15.254612	78.552452	0.500000	
15.240481	78.600410	0.500000	
15.226352	78.648376	0.500000	
15.212221	78.696335	0.500000	
15.198092	78.744293	0.500000	
15.183961	78.792252	0.500000	
15.169831	78.840218	0.500000	
15.155702	78.888176	0.500000	
15.141571	78.936142	0.500000	
15.127440	78.984100	0.500000	
15.113311	79.032059	0.500000	
15.099180	79.080017	0.500000	
15.085051	79.127983	0.500000	
15.070921	79.175941	0.500000	
15.056790	79.223907	0.500000	
15.042661	79.271866	0.500000	
15.028530	79.319824	0.500000	
15.014400	79.367783	0.500000	
15.000271	79.415749	0.500000	
14.986140	79.463715	0.500000	
14.972010	79.511673	0.500000	
14.957880	79.559631	0.500000	
14.943749	79.607590	0.500000	
14.929620	79.655548	0.500000	
14.915489	79.703514	0.500000	
14.901360	79.751480	0.500000	
14.887230	79.799438	0.500000	
14.873099	79.847397	0.500000	
14.858970	79.895355	0.500000	
14.844839	79.943321	0.500000	
14.830709	79.991280	0.500000	
14.816580	80.039246	0.500000	
14.802449	80.087204	0.500000	
14.788319	80.135162	0.500000	
14.774189	80.183128	0.500000	
14.760058	80.231087	0.500000	
14.745929	80.279053	0.500000	
14.731799	80.327011	0.500000	
14.717669	80.374969	0.500000	
14.703539	80.422928	0.500000	
14.689408	80.470894	0.500000	
14.675279	80.518860	0.500000	
14.661148	80.566818	0.500000	
14.647018	80.614777	0.500000	
14.632888	80.662735	0.500000	
14.618758	80.710693	0.500000	
14.604628	80.758659	0.500000	
14.590498	80.806625	0.500000	
14.576367	80.854584	0.500000	
14.562238	80.902542	0.500000	
14.548108	80.950500	0.500000	
14.533978	80.998459	0.500000	
14.519848	81.046425	0.500000	
14.505717	81.094391	0.500000	
14.491587	81.142349	0.500000	
14.477458	81.190308	0.500000	
14.463327	81.238266	0.500000	
14.449197	81.286232	0.500000	
14.435067	81.334190	0.500000	
14.420937	81.382156	0.500000	
14.406807	81.430115	0.500000	
14.392677	81.478073	0.500000	
14.378547	81.526031	0.500000	
14.364417	81.573997	0.500000	
14.350286	81.621956	0.500000	
14.336157	81.669922	0.500000	
14.322026	81.717880	0.500000	
14.307897	81.765839	0.500000	
14.293767	81.813797	0.500000	
14.279636	81.861763	0.500000	
14.265506	81.909729	0.500000	
14.251376	81.957687	0.500000	
14.237246	82.005646	0.500000	
14.223116	82.053604	0.500000	
14.208986	82.101562	0.500000	
14.194856	82.149536	0.500000	
14.180726	82.197495	0.500000	
14.166595	82.245453	0.500000	
14.152465	82.293411	0.500000	
14.138335	82.341377	0.500000	
14.124206	82.389336	0.500000	
14.110075	82.437302	0.500000	
14.095945	82.485260	0.500000	
14.081815	82.533218	0.500000	
14.067685	82.581177	0.500000	
14.053555	82.629143	0.500000	
14.039425	82.677101	0.500000	
14.025295	82.725067	0.500000	
14.011165	82.773026	0.500000	
13.997035	82.820984	0.500000	
13.982904	82.868942	0.500000	
13.968774	82.916908	0.500000	
13.954645	82.964874	0.500000	
13.940515	83.012833	0.500000	
13.926384	83.060791	0.500000	
13.912254	83.108749	0.500000	
13.898124	83.156708	0.500000	
13.883994	83.204674	0.500000	
13.869864	83.252640	0.500000	
13.855734	83.300598	0.500000	
13.841604	83.348557	0.500000	
13.827474	83.396515	0.500000	
13.813343	83.444473	0.500000	
13.799213	83.492439	0.500000	
13.785084	83.540405	0.500000	
13.770953	83.588364	0.500000	
13.756824	83.636322	0.500000	
13.742693	83.684280	0.500000	
13.728563	83.732246	0.500000	
13.714433	83.780205	0.500000	
13.700303	83.828171	0.500000	
13.686173	83.876129	0.500000	
13.672043	83.924088	0.500000	
13.657913	83.972046	0.500000	
13.643783	84.020012	0.500000	
13.629652	84.067970	0.500000	
13.615523	84.115936	0.500000	
13.601393	84.163895	0.500000	
13.587262	84.211853	0.500000	
13.573133	84.259819	0.500000	
13.559002	84.307785	0.500000	
13.544872	84.355743	0.500000	
13.530742	84.403702	0.500000	
13.516612	84.451660	0.500000	
13.502482	84.499619	0.500000	
13.488352	84.547585	0.500000	
13.474222	84.595551	0.500000	
13.460092	84.643509	0.500000	
13.445961	84.691467	0.500000	
13.431832	84.739426	0.500000	
13.417702	84.787392	0.500000	
13.403571	84.835350	0.500000	
13.389441	84.883316	0.500000	
13.375311	84.931274	0.500000	
13.361181	84.979233	0.500000	
13.347052	85.027191	0.500000	
13.332921	85.075157	0.500000	
13.318791	85.123116	0.500000	
13.304661	85.171082	0.500000	
13.290530	85.219040	0.500000	
13.276401	85.266998	0.500000	
13.262271	85.314957	0.500000	
13.248140	85.362923	0.500000	
13.234011	85.410889	0.500000	
13.219880	85.458847	0.500000	
13.205750	85.506805	0.500000	
13.191620	85.554764	0.500000	
13.177490	85.602722	0.500000	
13.163361	85.650688	0.500000	
13.149230	85.698654	0.500000	
13.135100	85.746613	0.500000	
13.120970	85.794571	0.500000	
13.106839	85.842529	0.500000	
13.092710	85.890488	0.500000	
13.078580	85.938454	0.500000	
13.064449	85.986420	0.500000	
13.050320	86.034378	0.500000	
13.036190	86.082336	0.500000	
13.022059	86.130295	0.500000	
13.007930	86.178261	0.500000	
12.993798	86.226219	0.500000	
12.979670	86.274185	0.500000	
12.965540	86.322144	0.500000	
12.951408	86.370102	0.500000	
12.937280	86.418068	0.500000	
12.923148	86.466026	0.500000	
12.909019	86.513992	0.500000	
12.894888	86.561951	0.500000	
12.880758	86.609909	0.500000	
12.866629	86.657867	0.500000	
12.852498	86.705833	0.500000	
12.838368	86.753799	0.500000	
12.824238	86.801758	0.500000	
12.810108	86.849716	0.500000	
12.795978	86.897675	0.500000	
12.781848	86.945633	0.500000	
12.767718	86.993599	0.500000	
12.753588	87.041565	0.500000	
12.739458	87.089523	0.500000	
12.725327	87.137482	0.500000	
12.711198	87.185440	0.500000	
12.697068	87.233406	0.500000	
12.682938	87.281364	0.500000	
12.668808	87.329330	0.500000	
12.654677	87.377289	0.500000	
12.640548	87.425247	0.500000	
12.626416	87.473206	0.500000	
12.612287	87.521172	0.500000	
12.598158	87.569130	0.500000	
12.584026	87.617096	0.500000	
12.569897	87.665054	0.500000	
12.555766	87.713013	0.500000	
12.541636	87.760971	0.500000	
12.527507	87.808937	0.500000	
12.513376	87.856903	0.500000	
12.499247	87.904861	0.500000	
12.485116	87.952820	0.500000	
12.470986	88.000778	0.500000	
12.456856	88.048737	0.500000	
12.442726	88.096703	0.500000	
12.428596	88.144669	0.500000	
12.414466	88.192627	0.500000	
12.400336	88.240585	0.500000	
12.386206	88.288544	0.500000	
12.372076	88.336510	0.500000	
12.357946	88.384476	0.500000	
12.343816	88.432434	0.500000	
12.329686	88.480392	0.500000	
12.315556	88.528351	0.500000	
12.301426	88.576317	0.500000	
12.287294	88.624275	0.500000	
12.273166	88.672241	0.500000	
12.259036	88.720200	0.500000	
12.244905	88.768158	0.500000	
12.230776	88.816116	0.500000	
12.216644	88.864082	0.500000	
12.202515	88.912041	0.500000	
12.188384	88.960007	0.500000	
12.174254	89.007965	0.500000	
12.160125	89.055923	0.500000	
12.145994	89.103882	0.500000	
12.131865	89.151848	0.500000	
12.117734	89.199814	0.500000	
12.103604	89.247772	0.500000	
12.100000	89.260002	0.500000	
12.085621	89.307892	0.500000	
12.071241	89.355774	0.500000	
12.056862	89.403664	0.500000	
12.042482	89.451553	0.500000	
12.028104	89.499443	0.500000	
12.013724	89.547325	0.500000	
11.999345	89.595215	0.500000	
11.984965	89.643105	0.500000	
11.970586	89.690994	0.500000	
11.956206	89.738876	0.500000	
11.941827	89.786766	0.500000	
11.927447	89.834656	0.500000	
11.913068	89.882545	0.500000	
11.898688	89.930428	0.500000	
11.884310	89.978317	0.500000	
11.869930	90.026207	0.500000	
11.855551	90.074097	0.500000	
11.841171	90.121979	0.500000	
11.826792	90.169868	0.500000	
11.812412	90.217758	0.500000	
11.798033	90.265640	0.500000	
11.783653	90.313530	0.500000	
11.769274	90.361420	0.500000	
11.754895	90.409309	0.500000	
11.740516	90.457191	0.500000	
11.726136	90.505081	0.500000	
11.711757	90.552971	0.500000	
11.697377	90.600861	0.500000	
11.682998	90.648743	0.500000	
11.668618	90.696632	0.500000	
11.654240	90.744522	0.500000	
11.639860	90.792412	0.500000	
11.625481	90.840294	0.500000	
11.611101	90.888184	0.500000	
11.596722	90.936073	0.500000	
11.582342	90.983955	0.500000	
11.567963	91.031845	0.500000	
11.553583	91.079735	0.500000	
11.539204	91.127625	0.500000	
11.524825	91.175507	0.500000	
11.510446	91.223396	0.500000	
11.496066	91.271286	0.500000	
11.481687	91.319176	0.500000	
11.467307	91.367058	0.500000	
11.452928	91.414948	0.500000	
11.438548	91.462837	0.500000	
11.424169	91.510727	0.500000	
11.409790	91.558609	0.500000	
11.395411	91.606499	0.500000	
11.381031	91.654388	0.500000	
11.366652	91.702271	0.500000	
11.352272	91.750160	0.500000	
11.337893	91.798050	0.500000	
11.323513	91.845940	0.500000	
11.309134	91.893822	0.500000	
11.294754	91.941711	0.500000	
11.280375	91.989601	0.500000	
11.265996	92.037491	0.500000	
11.251616	92.085373	0.500000	
11.237237	92.133263	0.500000	
11.222857	92.181152	0.500000	
11.208478	92.229042	0.500000	
11.194098	92.276924	0.500000	
11.179720	92.324814	0.500000	
11.165340	92.372704	0.500000	
11.150961	92.420586	0.500000	
11.136581	92.468475	0.500000	
11.122202	92.516365	0.500000	
11.107822	92.564255	0.500000	
11.093443	92.612137	0.500000	
11.079063	92.660027	0.500000	
11.064684	92.707916	0.500000	
11.050305	92.755806	0.500000	
11.035926	92.803688	0.500000	
11.021546	92.851578	0.500000	
11.007167	92.899467	0.500000	
10.992787	92.947350	0.500000	
10.978408	92.995239	0.500000	
10.964028	93.043129	0.500000	
10.949650	93.091019	0.500000	
10.935270	93.138901	0.500000	
10.920891	93.186790	0.500000	
10.906511	93.234680	0.500000	
10.892132	93.282570	0.500000	
10.877752	93.330460	0.500000	
10.863373	93.378342	0.500000	
10.848993	93.426231	0.500000	
10.834614	93.474121	0.500000	
10.820234	93.522003	0.500000	
10.805855	93.569893	0.500000	
10.791475	93.617783	0.500000	
10.777096	93.665672	0.500000	
10.762716	93.713562	0.500000	
10.748337	93.761444	0.500000	
10.733957	93.809334	0.500000	
10.719578	93.857224	0.500000	
10.705198	93.905113	0.500000	
10.690819	93.952995	0.500000	
10.676439	94.000885	0.500000	
10.662061	94.048775	0.500000	
10.647681	94.096664	0.500000	
10.633302	94.144547	0.500000	
10.618922	94.192436	0.500000	
10.604543	94.240326	0.500000	
10.590163	94.288216	0.500000	
10.575784	94.336105	0.500000	
10.561404	94.383987	0.500000	
10.547025	94.431877	0.500000	
10.532645	94.479767	0.500000	
10.518266	94.527649	0.500000	
10.503886	94.575539	0.500000	
10.489507	94.623428	0.500000	
10.475127	94.671318	0.500000	
10.460748	94.719208	0.500000	
10.446368	94.767090	0.500000	
10.431989	94.814980	0.500000	
10.417609	94.862869	0.500000	
10.403231	94.910759	0.500000	
10.388851	94.958641	0.500000	
10.374472	95.006531	0.500000	
10.360092	95.054420	0.500000	
10.345713	95.102310	0.500000	
10.331333	95.150192	0.500000	
10.316954	95.198082	0.500000	
10.302574	95.245972	0.500000	
10.288195	95.293861	0.500000	
10.273815	95.341751	0.500000	
10.259436	95.389633	0.500000	
10.245056	95.437523	0.500000	
10.230677	95.485413	0.500000	
10.216297	95.533295	0.500000	
10.201918	95.581184	0.500000	
10.187538	95.629074	0.500000	
10.173159	95.676964	0.500000	
10.158779	95.724854	0.500000	
10.144400	95.772736	0.500000	
10.130020	95.820625	0.500000	
10.115641	95.868515	0.500000	
10.101261	95.916405	0.500000	
10.086882	95.964287	0.500000	
10.072503	96.012177	0.500000	
10.058123	96.060066	0.500000	
10.043744	96.107956	0.500000	
10.029365	96.155838	0.500000	
10.014985	96.203728	0.500000	
10.000606	96.251617	0.500000	
9.986226	96.299507	0.500000	
9.971847	96.347389	0.500000	
9.957467	96.395279	0.500000	
9.943088	96.443169	0.500000	
9.928708	96.491058	0.500000	
9.914329	96.538948	0.500000	
9.899949	96.586830	0.500000	
9.885570	96.634720	0.500000	
9.871190	96.682610	0.500000	
9.856812	96.730499	0.500000	
9.842432	96.778381	0.500000	
9.828053	96.826271	0.500000	
9.813673	96.874161	0.500000	
9.799294	96.922050	0.500000	
9.784914	96.969933	0.500000	
9.770535	97.017822	0.500000	
9.756155	97.065712	0.500000	
9.741776	97.113602	0.500000	
9.727396	97.161484	0.500000	
9.713017	97.209373	0.500000	
9.698637	97.257263	0.500000	
9.684258	97.305153	0.500000	
9.669878	97.353043	0.500000	
9.655499	97.400925	0.500000	
9.641119	97.448814	0.500000	
9.626740	97.496704	0.500000	
9.612360	97.544586	0.500000	
9.597980	97.592476	0.500000	
9.583601	97.640366	0.500000	
9.569221	97.688255	0.500000	
9.554842	97.736145	0.500000	
9.540462	97.784027	0.500000	
9.526083	97.831917	0.500000	
9.511703	97.879807	0.500000	
9.497325	97.927696	0.500000	
9.482945	97.975578	0.500000	
9.468566	98.023468	0.500000	
9.454186	98.071358	0.500000	
9.439807	98.119247	0.500000	
9.425427	98.167130	0.500000	
9.411048	98.215019	0.500000	
9.396668	98.262909	0.500000	
9.382289	98.310799	0.500000	
9.367909	98.358688	0.500000	
9.353530	98.406570	0.500000	
9.339150	98.454460	0.500000	
9.324771	98.502350	0.500000	
9.310391	98.550232	0.500000	
9.296012	98.598122	0.500000	
9.281633	98.646011	0.500000	
9.267253	98.693901	0.500000	
9.252874	98.741791	0.500000	
9.238495	98.789673	0.500000	
9.224115	98.837563	0.500000	
9.209736	98.885452	0.500000	
9.195356	98.933342	0.500000	
9.180977	98.981224	0.500000	
9.166597	99.029114	0.500000	
9.152218	99.077003	0.500000	
9.137838	99.124893	0.500000	
9.123459	99.172775	0.500000	
9.109079	99.220665	0.500000	
9.094700	99.268555	0.500000	
9.080320	99.316444	0.500000	
9.065941	99.364334	0.500000	
9.051561	99.412216	0.500000	
9.037182	99.460106	0.500000	
9.022802	99.507996	0.500000	
9.008423	99.555878	0.500000	
8.994043	99.603767	0.500000	
8.979664	99.651657	0.500000	
8.965284	99.699547	0.500000	
8.950905	99.747437	0.500000	
8.936526	99.795319	0.500000	
8.922146	99.843208	0.500000	
8.907767	99.891098	0.500000	
8.893388	99.938988	0.500000	
8.879008	99.986870	0.500000	
8.864629	100.034760	0.500000	
8.850249	100.082649	0.500000	
8.835870	100.130539	0.500000	
8.821490	100.178421	0.500000	
8.807111	100.226311	0.500000	
8.792731	100.274200	0.500000	
8.778352	100.322090	0.500000	
8.763972	100.369980	0.500000	
8.749593	100.417862	0.500000	
8.735214	100.465752	0.500000	
8.720835	100.513641	0.500000	
8.706455	100.561523	0.500000	
8.692075	100.609413	0.500000	
8.677696	100.657303	0.500000	
8.663317	100.705193	0.500000	
8.648937	100.753082	0.500000	
8.634558	100.800964	0.500000	
8.620178	100.848854	0.500000	
8.605799	100.896744	0.500000	
8.591419	100.944633	0.500000	
8.577040	100.992516	0.500000	
8.562660	101.040405	0.500000	
8.548281	101.088295	0.500000	
8.533901	101.136185	0.500000	
8.519522	101.184067	0.500000	
8.505142	101.231956	0.500000	
8.490763	101.279846	0.500000	
8.476383	101.327736	0.500000	
8.462004	101.375626	0.500000	
8.447624	101.423508	0.500000	
8.433245	101.471397	0.500000	
8.418865	101.519287	0.500000	
8.404486	101.567169	0.500000	
8.390107	101.615059	0.500000	
8.375728	101.662949	0.500000	
8.361347	101.710838	0.500000	
8.346968	101.758728	0.500000	
8.332589	101.806610	0.500000	
8.318210	101.854500	0.500000	
8.303830	101.902390	0.500000	
8.289451	101.950279	0.500000	
8.275071	101.998161	0.500000	
8.260692	102.046051	0.500000	
8.246312	102.093941	0.500000	
8.231933	102.141830	0.500000	
8.217553	102.189713	0.500000	
8.203175	102.237602	0.500000	
8.188794	102.285492	0.500000	
8.174415	102.333382	0.500000	
8.160035	102.381271	0.500000	
8.145657	102.429153	0.500000	
8.131277	102.477043	0.500000	
8.116897	102.524933	0.500000	
8.102518	102.572815	0.500000	
8.088139	102.620705	0.500000	
8.073759	102.668594	0.500000	
8.059380	102.716484	0.500000	
8.045000	102.764374	0.500000	
8.030621	102.812256	0.500000	
8.016241	102.860146	0.500000	
8.001862	102.908035	0.500000	
7.987482	102.955917	0.500000	
7.973103	103.003807	0.500000	
7.958723	103.051697	0.500000	
7.944344	103.099586	0.500000	
7.929964	103.147476	0.500000	
7.915585	103.195358	0.500000	
7.901206	103.243248	0.500000	
7.886826	103.291138	0.500000	
7.872447	103.339027	0.500000	
7.858067	103.386909	0.500000	
7.843688	103.434799	0.500000	
7.829308	103.482689	0.500000	
7.814929	103.530579	0.500000	
7.800549	103.578461	0.500000	
7.786170	103.626350	0.500000	
7.771790	103.674240	0.500000	
7.757411	103.722130	0.500000	
7.743032	103.770020	0.500000	
7.728652	103.817902	0.500000	
7.714272	103.865791	0.500000	
7.699893	103.913681	0.500000	
7.685513	103.961571	0.500000	
7.671134	104.009453	0.500000	
7.656754	104.057343	0.500000	
7.642375	104.105232	0.500000	
7.627996	104.153122	0.500000	
7.613616	104.201004	0.500000	
7.599236	104.248894	0.500000	
7.584857	104.296783	0.500000	
7.570478	104.344673	0.500000	
7.556098	104.392555	0.500000	
7.541719	104.440445	0.500000	
7.527339	104.488335	0.500000	
7.512960	104.536224	0.500000	
7.498581	104.584106	0.500000	
7.484201	104.631996	0.500000	
7.469822	104.679886	0.500000	
7.455443	104.727768	0.500000	
7.441064	104.775658	0.500000	
7.426685	104.823547	0.500000	
7.412306	104.871429	0.500000	
7.397926	104.919319	0.500000	
7.383547	104.967201	0.500000	
7.369168	105.015091	0.500000	
7.354789	105.062981	0.500000	
7.340410	105.110863	0.500000	
7.326031	105.158752	0.500000	
7.311651	105.206642	0.500000	
7.297272	105.254524	0.500000	
7.282893	105.302414	0.500000	
7.268514	105.350296	0.500000	
7.254135	105.398186	0.500000	
7.239756	105.446075	0.500000	
7.225377	105.493958	0.500000	
7.210997	105.541847	0.500000	
7.196618	105.589737	0.500000	
7.182239	105.637619	0.500000	
7.167860	105.685509	0.500000	
7.153481	105.733398	0.500000	
7.139102	105.781281	0.500000	
7.124722	105.829170	0.500000	
7.110343	105.877060	0.500000	
7.095964	105.924942	0.500000	
7.081585	105.972832	0.500000	
7.067205	106.020721	0.500000	
7.052826	106.068604	0.500000	
7.038447	106.116493	0.500000	
7.024068	106.164383	0.500000	
7.009689	106.212265	0.500000	
6.995310	106.260155	0.500000	
6.980930	106.308044	0.500000	
6.966551	106.355927	0.500000	
6.952172	106.403816	0.500000	
6.937793	106.451698	0.500000	
6.923414	106.499588	0.500000	
6.909035	106.547478	0.500000	
6.894655	106.595360	0.500000	
6.880276	106.643250	0.500000	
6.865897	106.691139	0.500000	
6.851518	106.739021	0.500000	
6.837139	106.786911	0.500000	
6.822760	106.834793	0.500000	
6.808381	106.882683	0.500000	
6.794001	106.930573	0.500000	
6.779622	106.978455	0.500000	
6.765243	107.026344	0.500000	
6.750864	107.074234	0.500000	
6.736485	107.122116	0.500000	
6.722106	107.170006	0.500000	
6.707726	107.217896	0.500000	
6.693347	107.265778	0.500000	
6.678967	107.313667	0.500000	
6.664588	107.361557	0.500000	
6.650209	107.409439	0.500000	
6.635830	107.457329	0.500000	
6.621451	107.505219	0.500000	
6.607072	107.553101	0.500000	
6.592692	107.600990	0.500000	
6.578313	107.648880	0.500000	
6.563934	107.696762	0.500000	
6.549555	107.744644	0.500000	
6.535176	107.792542	0.500000	
6.520797	107.840424	0.500000	
6.506417	107.888306	0.500000	
6.492038	107.936195	0.500000	
6.477659	107.984085	0.500000	
6.463280	108.031967	0.500000	
6.448901	108.079857	0.500000	
6.434522	108.127747	0.500000	
6.420142	108.175629	0.500000	
6.405763	108.223518	0.500000	
6.391384	108.271408	0.500000	
6.377005	108.319290	0.500000	
6.362626	108.367180	0.500000	
6.348247	108.415070	0.500000	
6.333868	108.462952	0.500000	
6.319488	108.510841	0.500000	
6.305109	108.558731	0.500000	
6.290730	108.606613	0.500000	
6.276351	108.654503	0.500000	
6.261971	108.702393	0.500000	
6.247592	108.750275	0.500000	
6.233213	108.798164	0.500000	
6.218834	108.846054	0.500000	
6.204455	108.893936	0.500000	
6.190076	108.941826	0.500000	
6.175696	108.989708	0.500000	
6.161317	109.037598	0.500000	
6.146938	109.085487	0.500000	
6.132559	109.133369	0.500000	
6.118180	109.181259	0.500000	
6.103801	109.229149	0.500000	
6.089421	109.277031	0.500000	
6.075042	109.324921	0.500000	
6.060663	109.372803	0.500000	
6.046284	109.420692	0.500000	
6.031905	109.468582	0.500000	
6.017526	109.516464	0.500000	
6.003146	109.564354	0.500000	
5.988767	109.612244	0.500000	
5.974388	109.660126	0.500000	
5.960009	109.708015	0.500000	
5.945630	109.755905	0.500000	
5.931251	109.803787	0.500000	
5.916871	109.851677	0.500000	
5.902492	109.899567	0.500000	
5.888113	109.947449	0.500000	
5.873734	109.995338	0.500000	
5.859354	110.043228	0.500000	
5.844975	110.091110	0.500000	
5.830596	110.139000	0.500000	
5.816217	110.186890	0.500000	
5.801838	110.234772	0.500000	
5.787458	110.282661	0.500000	
5.773079	110.330551	0.500000	
5.758700	110.378433	0.500000	
5.744321	110.426323	0.500000	
5.729942	110.474205	0.500000	
5.715563	110.522095	0.500000	
5.701183	110.569977	0.500000	
5.686804	110.617867	0.500000	
5.672425	110.665756	0.500000	
5.658046	110.713638	0.500000	
5.643667	110.761528	0.500000	
5.629288	110.809418	0.500000	
5.614908	110.857300	0.500000	
5.600529	110.905190	0.500000	
5.586150	110.953079	0.500000	
5.571771	111.000961	0.500000	
5.557392	111.048851	0.500000	
5.543013	111.096741	0.500000	
5.528633	111.144623	0.500000	
5.514254	111.192513	0.500000	
5.499875	111.240402	0.500000	
5.485496	111.288284	0.500000	
5.471117	111.336174	0.500000	
5.456738	111.384064	0.500000	
5.442358	111.431946	0.500000	
5.427979	111.479836	0.500000	
5.413600	111.527725	0.500000	
5.399221	111.575607	0.500000	
5.384841	111.623497	0.500000	
5.370463	111.671387	0.500000	
5.356083	111.719269	0.500000	
5.341704	111.767151	0.500000	
5.327325	111.815041	0.500000	
5.312946	111.862930	0.500000	
5.298567	111.910812	0.500000	
5.284187	111.958702	0.500000	
5.269808	112.006592	0.500000	
5.255429	112.054474	0.500000	
5.241050	112.102364	0.500000	
5.226671	112.150253	0.500000	
5.212291	112.198135	0.500000	
5.197913	112.246025	0.500000	
5.183533	112.293915	0.500000	
5.169154	112.341797	0.500000	
5.154775	112.389687	0.500000	
5.140396	112.437576	0.500000	
5.126017	112.485458	0.500000	
5.111637	112.533348	0.500000	
5.097258	112.581238	0.500000	
5.082879	112.629120	0.500000	
5.068500	112.677010	0.500000	
5.054121	112.724899	0.500000	
5.039741	112.772781	0.500000	
5.025362	112.820671	0.500000	
5.010983	112.868553	0.500000	
4.996603	112.916443	0.500000	
4.982224	112.964333	0.500000	
4.967845	113.012215	0.500000	
4.953466	113.060104	0.500000	
4.939087	113.107994	0.500000	
4.924707	113.155876	0.500000	
4.910329	113.203766	0.500000	
4.895949	113.251648	0.500000	
4.881570	113.299538	0.500000	
4.867192	113.347427	0.500000	
4.852812	113.395309	0.500000	
4.838433	113.443199	0.500000	
4.824053	113.491089	0.500000	
4.809675	113.538971	0.500000	
4.795295	113.586861	0.500000	
4.780916	113.634750	0.500000	
4.766537	113.682632	0.500000	
4.752158	113.730522	0.500000	
4.737779	113.778412	0.500000	
4.723399	113.826294	0.500000	
4.709020	113.874184	0.500000	
4.694642	113.922073	0.500000	
4.680262	113.969955	0.500000	
4.665883	114.017845	0.500000	
4.651503	114.065735	0.500000	
4.637125	114.113617	0.500000	
4.622745	114.161507	0.500000	
4.608366	114.209396	0.500000	
4.593987	114.257278	0.500000	
4.579608	114.305161	0.500000	
4.565228	114.353050	0.500000	
4.550849	114.400940	0.500000	
4.536470	114.448822	0.500000	
4.522091	114.496712	0.500000	
4.507712	114.544601	0.500000	
4.493332	114.592484	0.500000	
4.478953	114.640373	0.500000	
4.464574	114.688263	0.500000	
4.450195	114.736145	0.500000	
4.435816	114.784035	0.500000	
4.421437	114.831924	0.500000	
4.407058	114.879807	0.500000	
4.392678	114.927696	0.500000	
4.378299	114.975586	0.500000	
4.363920	115.023468	0.500000	
4.349541	115.071358	0.500000	
4.335162	115.119247	0.500000	
4.320782	115.167130	0.500000	
4.306404	115.215019	0.500000	
4.292024	115.262909	0.500000	
4.277645	115.310791	0.500000	
4.263266	115.358681	0.500000	
4.248887	115.406570	0.500000	
4.234508	115.454453	0.500000	
4.220128	115.502342	0.500000	
4.205749	115.550224	0.500000	
4.191370	115.598114	0.500000	
4.176991	115.646004	0.500000	
4.162611	115.693886	0.500000	
4.148232	115.741776	0.500000	
4.133853	115.789658	0.500000	
4.119474	115.837547	0.500000	
4.105094	115.885437	0.500000	
4.090715	115.933319	0.500000	
4.076337	115.981209	0.500000	
4.061957	116.029099	0.500000	
4.047578	116.076981	0.500000	
4.033198	116.124870	0.500000	
4.018820	116.172760	0.500000	
4.004440	116.220642	0.500000	
3.990061	116.268532	0.500000	
3.975681	116.316422	0.500000	
3.961303	116.364304	0.500000	
3.946924	116.412193	0.500000	
3.932545	116.460083	0.500000	
3.918166	116.507965	0.500000	
3.903787	116.555855	0.500000	
3.889407	116.603737	0.500000	
3.875028	116.651627	0.500000	
3.860649	116.699516	0.500000	
3.846270	116.747406	0.500000	
3.831890	116.795288	0.500000	
3.817511	116.843178	0.500000	
3.803132	116.891060	0.500000	
3.788753	116.938950	0.500000	
3.774373	116.986832	0.500000	
3.759995	117.034729	0.500000	
3.745616	117.082611	0.500000	
3.731236	117.130493	0.500000	
3.716857	117.178383	0.500000	
3.702477	117.226273	0.500000	
3.688099	117.274155	0.500000	
3.673719	117.322044	0.500000	
3.659340	117.369934	0.500000	
3.644960	117.417816	0.500000	
3.630582	117.465706	0.500000	
3.616202	117.513596	0.500000	
3.601823	117.561478	0.500000	
3.587444	117.609367	0.500000	
3.573066	117.657257	0.500000	
3.558686	117.705139	0.500000	
3.544307	117.753029	0.500000	
3.529927	117.800919	0.500000	
3.515549	117.848801	0.500000	
3.501169	117.896690	0.500000	
3.486790	117.944580	0.500000	
3.472411	117.992462	0.500000	
3.458032	118.040344	0.500000	
3.443652	118.088234	0.500000	
3.429273	118.136124	0.500000	
3.414894	118.184013	0.500000	
3.400516	118.231903	0.500000	
3.386136	118.279785	0.500000	
3.371757	118.327667	0.500000	
3.357378	118.375557	0.500000	
3.342999	118.423447	0.500000	
3.328619	118.471329	0.500000	
3.314240	118.519218	0.500000	
3.299861	118.567108	0.500000	
3.285481	118.614990	0.500000	
3.271102	118.662880	0.500000	
3.256722	118.710770	0.500000	
3.242344	118.758652	0.500000	
3.227965	118.806541	0.500000	
3.213586	118.854431	0.500000	
3.199206	118.902313	0.500000	
3.184828	118.950203	0.500000	
3.170448	118.998093	0.500000	
3.156069	119.045975	0.500000	
3.141689	119.093864	0.500000	
3.127311	119.141747	0.500000	
3.112931	119.189636	0.500000	
3.098552	119.237526	0.500000	
3.084172	119.285416	0.500000	
3.069794	119.333298	0.500000	
3.055415	119.381187	0.500000	
3.041036	119.429070	0.500000	
3.026656	119.476959	0.500000	
3.012278	119.524841	0.500000	
2.997898	119.572731	0.500000	
2.983519	119.620621	0.500000	
2.969140	119.668510	0.500000	
2.954761	119.716393	0.500000	
2.940381	119.764282	0.500000	
2.926002	119.812164	0.500000	
2.911623	119.860054	0.500000	
2.897243	119.907944	0.500000	
2.882864	119.955826	0.500000	
2.868485	120.003716	0.500000	
2.854107	120.051605	0.500000	
2.839727	120.099487	0.500000	
2.825348	120.147377	0.500000	
2.810968	120.195267	0.500000	
2.796590	120.243149	0.500000	
2.782210	120.291039	0.500000	
2.767831	120.338928	0.500000	
2.753451	120.386810	0.500000	
2.739073	120.434700	0.500000	
2.724693	120.482590	0.500000	
2.710314	120.530472	0.500000	
2.695935	120.578362	0.500000	
2.681557	120.626244	0.500000	
2.667177	120.674133	0.500000	
2.652798	120.722023	0.500000	
2.638418	120.769913	0.500000	
2.624040	120.817795	0.500000	
2.609660	120.865677	0.500000	
2.595281	120.913567	0.500000	
2.580901	120.961456	0.500000	
2.566523	121.009338	0.500000	
2.552143	121.057228	0.500000	
2.537764	121.105118	0.500000	
2.523385	121.153000	0.500000	
2.509007	121.200890	0.500000	
2.494627	121.248779	0.500000	
2.480247	121.296661	0.500000	
2.465869	121.344551	0.500000	
2.451489	121.392441	0.500000	
2.437110	121.440323	0.500000	
2.422730	121.488213	0.500000	
2.408352	121.536102	0.500000	
2.393972	121.583984	0.500000	
2.379593	121.631874	0.500000	
2.365213	121.679764	0.500000	
2.350835	121.727646	0.500000	
2.336456	121.775528	0.500000	
2.322077	121.823425	0.500000	
2.307697	121.871307	0.500000	
2.293319	121.919197	0.500000	
2.278939	121.967087	0.500000	
2.264560	122.014969	0.500000	
2.250180	122.062851	0.500000	
2.235802	122.110741	0.500000	
2.221422	122.158630	0.500000	
2.207043	122.206512	0.500000	
2.192663	122.254410	0.500000	
2.178285	122.302292	0.500000	
2.163906	122.350174	0.500000	
2.149527	122.398064	0.500000	
2.135147	122.445953	0.500000	
2.120769	122.493835	0.500000	
2.106389	122.541733	0.500000	
2.092010	122.589615	0.500000	
2.077630	122.637497	0.500000	
2.063251	122.685387	0.500000	
2.048872	122.733276	0.500000	
2.034492	122.781158	0.500000	
2.020114	122.829048	0.500000	
2.005734	122.876938	0.500000	
1.991355	122.924820	0.500000	
1.976976	122.972710	0.500000	
1.962598	123.020599	0.500000	
1.948218	123.068481	0.500000	
1.933839	123.116364	0.500000	
1.919459	123.164261	0.500000	
1.905081	123.212143	0.500000	
1.890701	123.260033	0.500000	
1.876322	123.307922	0.500000	
1.861942	123.355804	0.500000	
1.847564	123.403687	0.500000	
1.833184	123.451576	0.500000	
1.818805	123.499466	0.500000	
1.804426	123.547348	0.500000	
1.790048	123.595238	0.500000	
1.775668	123.643127	0.500000	
1.761289	123.691010	0.500000	
1.746909	123.738899	0.500000	
1.732531	123.786789	0.500000	
1.718151	123.834671	0.500000	
1.703772	123.882561	0.500000	
1.689392	123.930450	0.500000	
1.675014	123.978333	0.500000	
1.660634	124.026222	0.500000	
1.646255	124.074112	0.500000	
1.631876	124.121994	0.500000	
1.617497	124.169884	0.500000	
1.603118	124.217773	0.500000	
1.588738	124.265656	0.500000	
1.574360	124.313538	0.500000	
1.559980	124.361435	0.500000	
1.545601	124.409317	0.500000	
1.531221	124.457207	0.500000	
1.516843	124.505096	0.500000	
1.502463	124.552979	0.500000	
1.488084	124.600861	0.500000	
1.473704	124.648750	0.500000	
1.459326	124.696640	0.500000	
1.444947	124.744530	0.500000	
1.430568	124.792419	0.500000	
1.416188	124.840302	0.500000	
1.401810	124.888184	0.500000	
1.387430	124.936073	0.500000	
1.373051	124.983963	0.500000	
1.358671	125.031845	0.500000	
1.344293	125.079735	0.500000	
1.329913	125.127625	0.500000	
1.315534	125.175507	0.500000	
1.301154	125.223396	0.500000	
1.286776	125.271286	0.500000	
1.272397	125.319168	0.500000	
1.258018	125.367058	0.500000	
1.243638	125.414948	0.500000	
1.229259	125.462830	0.500000	
1.214880	125.510719	0.500000	
1.200500	125.558609	0.500000	
1.186121	125.606491	0.500000	
1.171742	125.654381	0.500000	
1.157363	125.702271	0.500000	
1.142983	125.750153	0.500000	
1.128604	125.798035	0.500000	
1.114225	125.845932	0.500000	
1.110000	125.860001	0.500000	
1.095526	125.907860	0.500000	
1.081052	125.955719	0.500000	
1.066578	126.003578	0.500000	
1.052104	126.051437	0.500000	
1.037630	126.099297	0.500000	
1.023156	126.147156	0.500000	
1.008682	126.195015	0.500000	
0.994208	126.242874	0.500000	
0.979734	126.290733	0.500000	
0.965260	126.338593	0.500000	
0.950786	126.386452	0.500000	
0.936313	126.434311	0.500000	
0.921839	126.482170	0.500000	
0.907365	126.530029	0.500000	
0.892891	126.577888	0.500000	
0.878417	126.625748	0.500000	
0.863943	126.673607	0.500000	
0.849469	126.721466	0.500000	
0.834995	126.769325	0.500000	
0.820521	126.817184	0.500000	
0.806047	126.865044	0.500000	
0.791573	126.912903	0.500000	
0.777099	126.960762	0.500000	
0.762625	127.008621	0.500000	
0.748151	127.056480	0.500000	
0.733677	127.104340	0.500000	
0.719203	127.152199	0.500000	
0.704729	127.200058	0.500000	
0.690255	127.247917	0.500000	
0.675781	127.295776	0.500000	
0.661308	127.343636	0.500000	
0.646834	127.391495	0.500000	
0.632360	127.439354	0.500000	
0.617886	127.487213	0.500000	
0.603412	127.535072	0.500000	
0.588938	127.582932	0.500000	
0.574464	127.630791	0.500000	
0.559990	127.678650	0.500000	
0.545516	127.726509	0.500000	
0.531042	127.774368	0.500000	
0.516568	127.822227	0.500000	
0.502094	127.870087	0.500000	
0.487620	127.917946	0.500000	
0.473146	127.965805	0.500000	
0.458672	128.013672	0.500000	
0.444198	128.061523	0.500000	
0.429724	128.109375	0.500000	
0.415250	128.157242	0.500000	
0.400777	128.205109	0.500000	
0.386303	128.252960	0.500000	
0.371829	128.300812	0.500000	
0.357355	128.348679	0.500000	
0.342881	128.396545	0.500000	
0.328407	128.444397	0.500000	
0.313933	128.492249	0.500000	
0.299459	128.540115	0.500000	
0.284985	128.587982	0.500000	
0.270511	128.635834	0.500000	
0.256037	128.683685	0.500000	
0.241563	128.731552	0.500000	
0.227089	128.779419	0.500000	
0.212615	128.827271	0.500000	
0.198141	128.875122	0.500000	
0.183667	128.922989	0.500000	
0.169193	128.970856	0.500000	
0.154720	129.018707	0.500000	
0.140246	129.066559	0.500000	
0.125772	129.114426	0.500000	
0.111298	129.162277	0.500000	
0.096824	129.210144	0.500000	
0.082350	129.257996	0.500000	
0.067876	129.305862	0.500000	
0.053402	129.353714	0.500000	
0.038928	129.401581	0.500000	
0.024454	129.449432	0.500000	
0.009980	129.497299	0.500000	
-0.004494	129.545151	0.500000	
-0.018968	129.593018	0.500000	
-0.033442	129.640869	0.500000	
-0.047916	129.688736	0.500000	
-0.062390	129.736588	0.500000	
-0.076864	129.784454	0.500000	
-0.091338	129.832306	0.500000	
-0.105812	129.880173	0.500000	
-0.120286	129.928040	0.500000	
-0.134760	129.975891	0.500000	
-0.149234	130.023758	0.500000	
-0.163708	130.071609	0.500000	
-0.178182	130.119476	0.500000	
-0.192656	130.167328	0.500000	
-0.207130	130.215195	0.500000	
-0.221604	130.263046	0.500000	
-0.236078	130.310913	0.500000	
-0.250552	130.358765	0.500000	
-0.265026	130.406631	0.500000	
-0.279500	130.454483	0.500000	
-0.293974	130.502350	0.500000	
-0.308448	130.550201	0.500000	
-0.322922	130.598068	0.500000	
-0.337396	130.645920	0.500000	
-0.351870	130.693787	0.500000	
-0.366344	130.741638	0.500000	
-0.380818	130.789505	0.500000	
-0.395292	130.837357	0.500000	
-0.409766	130.885223	0.500000	
-0.424240	130.933075	0.500000	
-0.438714	130.980942	0.500000	
-0.453188	131.028793	0.500000	
-0.467662	131.076660	0.500000	
-0.482136	131.124512	0.500000	
-0.496610	131.172379	0.500000	
-0.511084	131.220230	0.500000	
-0.525558	131.268097	0.500000	
-0.540032	131.315948	0.500000	
-0.554506	131.363815	0.500000	
-0.568980	131.411667	0.500000	
-0.583454	131.459534	0.500000	
-0.597928	131.507385	0.500000	
-0.612402	131.555252	0.500000	
-0.626876	131.603119	0.500000	
-0.641350	131.650970	0.500000	
-0.655824	131.698837	0.500000	
-0.670298	131.746689	0.500000	
-0.684772	131.794556	0.500000	
-0.699246	131.842407	0.500000	
-0.713720	131.890274	0.500000	
-0.728194	131.938126	0.500000	
-0.742668	131.985992	0.500000	
-0.757142	132.033844	0.500000	
-0.771616	132.081711	0.500000	
-0.786090	132.129562	0.500000	
-0.800564	132.177429	0.500000	
-0.815038	132.225281	0.500000	
-0.829512	132.273148	0.500000	
-0.843986	132.320999	0.500000	
-0.858460	132.368866	0.500000	
-0.872934	132.416718	0.500000	
-0.887408	132.464584	0.500000	
-0.901882	132.512436	0.500000	
-0.916356	132.560303	0.500000	
-0.930830	132.608154	0.500000	
-0.945304	132.656021	0.500000	
-0.959778	132.703873	0.500000	
-0.974252	132.751740	0.500000	
-0.988726	132.799591	0.500000	
-1.003200	132.847458	0.500000	
-1.017674	132.895309	0.500000	
-1.032148	132.943176	0.500000	
-1.046622	132.991028	0.500000	
-1.061096	133.038895	0.500000	
-1.075570	133.086746	0.500000	
-1.090044	133.134613	0.500000	
-1.104518	133.182465	0.500000	
-1.118992	133.230331	0.500000	
-1.133466	133.278183	0.500000	
-1.147941	133.326050	0.500000	
-1.162414	133.373901	0.500000	
-1.176888	133.421768	0.500000	
-1.191363	133.469635	0.500000	
-1.205836	133.517487	0.500000	
-1.220311	133.565353	0.500000	
-1.234784	133.613205	0.500000	
-1.249258	133.661072	0.500000	
-1.263733	133.708923	0.500000	
-1.278206	133.756790	0.500000	
-1.292681	133.804642	0.500000	
-1.307155	133.852509	0.500000	
-1.321628	133.900360	0.500000	
-1.336103	133.948227	0.500000	
-1.350577	133.996078	0.500000	
-1.365050	134.043945	0.500000	
-1.379525	134.091797	0.500000	
-1.393999	134.139664	0.500000	
-1.408472	134.187515	0.500000	
-1.422947	134.235382	0.500000	
-1.437420	134.283234	0.500000	
-1.451895	134.331100	0.500000	
-1.466369	134.378952	0.500000	
-1.480842	134.426819	0.500000	
-1.495317	134.474670	0.500000	
-1.509791	134.522537	0.500000	
-1.524264	134.570389	0.500000	
-1.538739	134.618256	0.500000	
-1.553213	134.666107	0.500000	
-1.567687	134.713974	0.500000	
-1.582161	134.761826	0.500000	
-1.596635	134.809692	0.500000	
-1.611109	134.857544	0.500000	
-1.625583	134.905411	0.500000	
-1.640057	134.953262	0.500000	
-1.654531	135.001129	0.500000	
-1.669005	135.048981	0.500000	
-1.683479	135.096848	0.500000	
-1.697953	135.144714	0.500000	
-1.712427	135.192566	0.500000	
-1.726901	135.240433	0.500000	
-1.741375	135.288284	0.500000	
-1.755849	135.336151	0.500000	
-1.770323	135.384003	0.500000	
-1.784797	135.431870	0.500000	
-1.799271	135.479721	0.500000	
-1.813745	135.527588	0.500000	
-1.828219	135.575439	0.500000	
-1.842693	135.623306	0.500000	
-1.857167	135.671158	0.500000	
-1.871641	135.719025	0.500000	
-1.886115	135.766876	0.500000	
-1.900589	135.814743	0.500000	
-1.915063	135.862595	0.500000	
-1.929537	135.910461	0.500000	
-1.944011	135.958313	0.500000	
-1.958485	136.006180	0.500000	
-1.972959	136.054031	0.500000	
-1.987433	136.101898	0.500000	
-2.001907	136.149750	0.500000	
-2.016381	136.197617	0.500000	
-2.030855	136.245468	0.500000	
-2.045329	136.293335	0.500000	
-2.059803	136.341187	0.500000	
-2.074277	136.389053	0.500000	
-2.088751	136.436905	0.500000	
-2.103225	136.484772	0.500000	
-2.117699	136.532623	0.500000	
-2.132173	136.580490	0.500000	
-2.146647	136.628342	0.500000	
-2.161121	136.676208	0.500000	
-2.175595	136.724060	0.500000	
-2.190069	136.771927	0.500000	
-2.204543	136.819778	0.500000	
-2.219017	136.867645	0.500000	
-2.233491	136.915512	0.500000	
-2.247965	136.963364	0.500000	
-2.262439	137.011230	0.500000	
-2.276913	137.059082	0.500000	
-2.291387	137.106949	0.500000	
-2.305861	137.154800	0.500000	
-2.320335	137.202667	0.500000	
-2.334809	137.250519	0.500000	
-2.349283	137.298386	0.500000	
-2.363757	137.346237	0.500000	
-2.378231	137.394104	0.500000	
-2.392705	137.441956	0.500000	
-2.407179	137.489822	0.500000	
-2.421653	137.537674	0.500000	
-2.436127	137.585541	0.500000	
-2.450601	137.633392	0.500000	
-2.465075	137.681259	0.500000	
-2.479549	137.729111	0.500000	
-2.494023	137.776978	0.500000	
-2.508497	137.824829	0.500000	
-2.522971	137.872696	0.500000	
-2.537446	137.920547	0.500000	
-2.551919	137.968414	0.500000	
-2.566393	138.016266	0.500000	
-2.580867	138.064133	0.500000	
-2.595342	138.111984	0.500000	
-2.609815	138.159851	0.500000	
-2.624290	138.207703	0.500000	
-2.638763	138.255569	0.500000	
-2.653237	138.303421	0.500000	
-2.667711	138.351288	0.500000	
-2.682186	138.399139	0.500000	
-2.696659	138.447006	0.500000	
-2.711133	138.494858	0.500000	
-2.725607	138.542725	0.500000	
-2.740082	138.590591	0.500000	
-2.754555	138.638443	0.500000	
-2.769030	138.686310	0.500000	
-2.783504	138.734161	0.500000	
-2.797977	138.782028	0.500000	
-2.812451	138.829880	0.500000	
-2.826926	138.877747	0.500000	
-2.841400	138.925598	0.500000	
-2.855874	138.973465	0.500000	
-2.870347	139.021317	0.500000	
-2.884822	139.069183	0.500000	
-2.899295	139.117035	0.500000	
-2.913769	139.164902	0.500000	
-2.928244	139.212753	0.500000	
-2.942718	139.260620	0.500000	
-2.957191	139.308472	0.500000	
-2.971665	139.356339	0.500000	
-2.986140	139.404190	0.500000	
-3.000614	139.452057	0.500000	
-3.015088	139.499908	0.500000	
-3.029562	139.547775	0.500000	
-3.044035	139.595627	0.500000	
-3.058509	139.643494	0.500000	
-3.072984	139.691345	0.500000	
-3.087458	139.739212	0.500000	
-3.101932	139.787064	0.500000	
-3.116405	139.834930	0.500000	
-3.130880	139.882782	0.500000	
-3.145353	139.930649	0.500000	
-3.159828	139.978500	0.500000	
-3.174302	140.026367	0.500000	
-3.188776	140.074219	0.500000	
-3.203249	140.122086	0.500000	
-3.217724	140.169937	0.500000	
-3.232198	140.217804	0.500000	
-3.246672	140.265656	0.500000	
-3.261146	140.313522	0.500000	
-3.275620	140.361374	0.500000	
-3.290093	140.409241	0.500000	
-3.304568	140.457092	0.500000	
-3.319042	140.504959	0.500000	
-3.333516	140.552826	0.500000	
-3.347990	140.600677	0.500000	
-3.362464	140.648544	0.500000	
-3.376938	140.696396	0.500000	
-3.391412	140.744263	0.500000	
-3.405886	140.792114	0.500000	
-3.420360	140.839981	0.500000	
-3.434834	140.887833	0.500000	
-3.449308	140.935699	0.500000	
-3.463782	140.983551	0.500000	
-3.478256	141.031418	0.500000	
-3.492730	141.079269	0.500000	
-3.507204	141.127136	0.500000	
-3.521677	141.174988	0.500000	
-3.536151	141.222855	0.500000	
-3.550625	141.270706	0.500000	
-3.565099	141.318573	0.500000	
-3.579573	141.366425	0.500000	
-3.594046	141.414276	0.500000	
-3.608520	141.462143	0.500000	
-3.622994	141.509995	0.500000	
-3.637467	141.557861	0.500000	
-3.651941	141.605713	0.500000	
-3.666415	141.653580	0.500000	
-3.680889	141.701431	0.500000	
-3.695363	141.749298	0.500000	
-3.709836	141.797150	0.500000	
-3.724310	141.845016	0.500000	
-3.738783	141.892868	0.500000	
-3.753257	141.940720	0.500000	
-3.767731	141.988586	0.500000	
-3.782205	142.036438	0.500000	
-3.796679	142.084305	0.500000	
-3.811152	142.132156	0.500000	
-3.825626	142.180023	0.500000	
-3.840100	142.227875	0.500000	
-3.854573	142.275726	0.500000	
-3.869047	142.323593	0.500000	
-3.883521	142.371460	0.500000	
-3.897995	142.419312	0.500000	
-3.912468	142.467163	0.500000	
-3.926942	142.515030	0.500000	
-3.941416	142.562881	0.500000	
-3.955890	142.610748	0.500000	
-3.970364	142.658600	0.500000	
-3.984837	142.706467	0.500000	
-3.999311	142.754318	0.500000	
-4.013784	142.802185	0.500000	
-4.028258	142.850037	0.500000	
-4.042732	142.897888	0.500000	
-4.057206	142.945755	0.500000	
-4.071680	142.993607	0.500000	
-4.086154	143.041473	0.500000	
-4.100627	143.089325	0.500000	
-4.115100	143.137192	0.500000	
-4.129574	143.185043	0.500000	
-4.144048	143.232910	0.500000	
-4.158522	143.280762	0.500000	
-4.172996	143.328613	0.500000	
-4.187469	143.376480	0.500000	
-4.201943	143.424347	0.500000	
-4.216417	143.472198	0.500000	
-4.230891	143.520050	0.500000	
-4.245364	143.567917	0.500000	
-4.259838	143.615768	0.500000	
-4.274312	143.663635	0.500000	
-4.288785	143.711487	0.500000	
-4.303259	143.759354	0.500000	
-4.317733	143.807205	0.500000	
-4.332207	143.855072	0.500000	
-4.346681	143.902924	0.500000	
-4.361155	143.950775	0.500000	
-4.375628	143.998642	0.500000	
-4.390101	144.046494	0.500000	
-4.404575	144.094360	0.500000	
-4.419049	144.142212	0.500000	
-4.433523	144.190079	0.500000	
-4.447997	144.237930	0.500000	
-4.462471	144.285797	0.500000	
-4.476944	144.333649	0.500000	
-4.491418	144.381500	0.500000	
-4.505891	144.429367	0.500000	
-4.520365	144.477234	0.500000	
-4.534839	144.525085	0.500000	
-4.549313	144.572937	0.500000	
-4.563787	144.620804	0.500000	
-4.578260	144.668655	0.500000	
-4.592734	144.716522	0.500000	
-4.607208	144.764374	0.500000	
-4.621682	144.812241	0.500000	
-4.636156	144.860092	0.500000	
-4.650629	144.907959	0.500000	
-4.665103	144.955811	0.500000	
-4.679577	145.003662	0.500000	
-4.694050	145.051529	0.500000	
-4.708524	145.099380	0.500000	
-4.722997	145.147247	0.500000	
-4.737471	145.195099	0.500000	
-4.751945	145.242966	0.500000	
-4.766418	145.290817	0.500000	
-4.780892	145.338684	0.500000	
-4.795366	145.386536	0.500000	
-4.809840	145.434387	0.500000	
-4.824314	145.482254	0.500000	
-4.838788	145.530121	0.500000	
-4.853261	145.577972	0.500000	
-4.867735	145.625824	0.500000	
-4.882209	145.673691	0.500000	
-4.896683	145.721542	0.500000	
-4.911156	145.769409	0.500000	
-4.925630	145.817261	0.500000	
-4.940104	145.865128	0.500000	
-4.954577	145.912979	0.500000	
-4.969051	145.960846	0.500000	
-4.983524	146.008698	0.500000	
-4.997998	146.056549	0.500000	
-5.012472	146.104416	0.500000	
-5.026946	146.152267	0.500000	
-5.041420	146.200134	0.500000	
-5.055893	146.247986	0.500000	
-5.070367	146.295853	0.500000	
-5.084841	146.343704	0.500000	
-5.099315	146.391571	0.500000	
-5.113789	146.439423	0.500000	
-5.128262	146.487274	0.500000	
-5.142736	146.535141	0.500000	
-5.157210	146.583008	0.500000	
-5.171684	146.630859	0.500000	
-5.186157	146.678711	0.500000	
-5.200631	146.726578	0.500000	
-5.215105	146.774429	0.500000	
-5.229578	146.822296	0.500000	
-5.244052	146.870148	0.500000	
-5.258525	146.918015	0.500000	
-5.272999	146.965866	0.500000	
-5.287473	147.013733	0.500000	
-5.301947	147.061584	0.500000	
-5.316421	147.109436	0.500000	
-5.330894	147.157303	0.500000	
-5.345368	147.205154	0.500000	
-5.359842	147.253021	0.500000	
-5.374316	147.300873	0.500000	
-5.388790	147.348740	0.500000	
-5.403263	147.396591	0.500000	
-5.417737	147.444458	0.500000	
-5.432211	147.492310	0.500000	
-5.446684	147.540161	0.500000	
-5.461158	147.588028	0.500000	
-5.475632	147.635895	0.500000	
-5.490105	147.683746	0.500000	
-5.504579	147.731598	0.500000	
-5.519053	147.779465	0.500000	
-5.533526	147.827316	0.500000	
-5.548000	147.875183	0.500000	
-5.562474	147.923035	0.500000	
-5.576948	147.970901	0.500000	
-5.591422	148.018753	0.500000	
-5.605896	148.066620	0.500000	
-5.620369	148.114471	0.500000	
-5.634843	148.162323	0.500000	
-5.649317	148.210190	0.500000	
-5.663790	148.258041	0.500000	
-5.678264	148.305908	0.500000	
-5.692738	148.353760	0.500000	
-5.707212	148.401627	0.500000	
-5.721685	148.449478	0.500000	
-5.736159	148.497345	0.500000	
-5.750632	148.545197	0.500000	
-5.765106	148.593048	0.500000	
-5.779580	148.640915	0.500000	
-5.794054	148.688782	0.500000	
-5.808527	148.736633	0.500000	
-5.823001	148.784485	0.500000	
-5.837475	148.832352	0.500000	
-5.851949	148.880203	0.500000	
-5.866423	148.928070	0.500000	
-5.880897	148.975922	0.500000	
-5.895370	149.023773	0.500000	
-5.909844	149.071640	0.500000	
-5.924318	149.119507	0.500000	
-5.938791	149.167358	0.500000	
-5.953265	149.215210	0.500000	
-5.967739	149.263077	0.500000	
-5.982213	149.310928	0.500000	
-5.996686	149.358795	0.500000	
-6.011160	149.406647	0.500000	
-6.025633	149.454514	0.500000	
-6.040107	149.502365	0.500000	
-6.054581	149.550232	0.500000	
-6.069055	149.598083	0.500000	
-6.083529	149.645935	0.500000	
-6.098002	149.693802	0.500000	
-6.112476	149.741653	0.500000	
-6.126950	149.789520	0.500000	
-6.141424	149.837372	0.500000	
-6.155897	149.885239	0.500000	
-6.170371	149.933090	0.500000	
-6.184845	149.980957	0.500000	
-6.199319	150.028809	0.500000	
-6.213792	150.076675	0.500000	
-6.228266	150.124527	0.500000	
-6.242740	150.172394	0.500000	
-6.257214	150.220245	0.500000	
-6.271688	150.268097	0.500000	
-6.286160	150.315964	0.500000	
-6.300634	150.363815	0.500000	
-6.315108	150.411682	0.500000	
-6.329582	150.459534	0.500000	
-6.344056	150.507401	0.500000	
-6.358530	150.555252	0.500000	
-6.373003	150.603119	0.500000	
-6.387477	150.650970	0.500000	
-6.401951	150.698822	0.500000	
-6.416425	150.746689	0.500000	
-6.430898	150.794540	0.500000	
-6.445372	150.842407	0.500000	
-6.459846	150.890259	0.500000	
-6.474319	150.938126	0.500000	
-6.488793	150.985977	0.500000	
-6.503267	151.033844	0.500000	
-6.517741	151.081696	0.500000	
-6.532215	151.129547	0.500000	
-6.546688	151.177414	0.500000	
-6.561162	151.225281	0.500000	
-6.575635	151.273132	0.500000	
-6.590109	151.320984	0.500000	
-6.604583	151.368851	0.500000	
-6.619057	151.416702	0.500000	
-6.633531	151.464569	0.500000	
-6.648004	151.512421	0.500000	
-6.662478	151.560287	0.500000	
-6.676952	151.608139	0.500000	
-6.691425	151.656006	0.500000	
-6.705899	151.703857	0.500000	
-6.720373	151.751709	0.500000	
-6.734847	151.799576	0.500000	
-6.749321	151.847427	0.500000	
-6.763794	151.895294	0.500000	
-6.778268	151.943146	0.500000	
-6.792742	151.991013	0.500000	
-6.807215	152.038864	0.500000	
-6.821689	152.086731	0.500000	
-6.836163	152.134583	0.500000	
-6.850636	152.182449	0.500000	
-6.865110	152.230301	0.500000	
-6.879584	152.278168	0.500000	
-6.894058	152.326019	0.500000	
-6.908532	152.373871	0.500000	
-6.923006	152.421738	0.500000	
-6.937479	152.469589	0.500000	
-6.951952	152.517456	0.500000	
-6.966426	152.565308	0.500000	
-6.980900	152.613174	0.500000	
-6.995374	152.661026	0.500000	
-7.009848	152.708893	0.500000	
-7.024322	152.756744	0.500000	
-7.038795	152.804596	0.500000	
-7.053269	152.852463	0.500000	
-7.067742	152.900314	0.500000	
-7.082216	152.948181	0.500000	
-7.096690	152.996033	0.500000	
-7.111164	153.043900	0.500000	
-7.125638	153.091751	0.500000	
-7.140111	153.139618	0.500000	
-7.154584	153.187469	0.500000	
-7.169058	153.235321	0.500000	
-7.183532	153.283188	0.500000	
-7.198006	153.331039	0.500000	
-7.212480	153.378906	0.500000	
-7.226954	153.426758	0.500000	
-7.241428	153.474625	0.500000	
-7.255901	153.522476	0.500000	
-7.270375	153.570343	0.500000	
-7.284849	153.618195	0.500000	
-7.299323	153.666061	0.500000	
-7.313797	153.713913	0.500000	
-7.328269	153.761780	0.500000	
-7.342743	153.809631	0.500000	
-7.357217	153.857483	0.500000	
-7.371691	153.905350	0.500000	
-7.386164	153.953201	0.500000	
-7.400638	154.001068	0.500000	
-7.415112	154.048920	0.500000	
-7.429586	154.096786	0.500000	
-7.444060	154.144638	0.500000	
-7.458534	154.192505	0.500000	
-7.473007	154.240356	0.500000	
-7.487481	154.288223	0.500000	
-7.501955	154.336075	0.500000	
-7.516428	154.383926	0.500000	
-7.530902	154.431793	0.500000	
-7.545376	154.479645	0.500000	
-7.559850	154.527512	0.500000	
-7.574323	154.575363	0.500000	
-7.588797	154.623230	0.500000	
-7.603270	154.671082	0.500000	
-7.617744	154.718948	0.500000	
-7.632218	154.766800	0.500000	
-7.646692	154.814667	0.500000	
-7.661166	154.862518	0.500000	
-7.675640	154.910370	0.500000	
-7.690113	154.958237	0.500000	
-7.704587	155.006088	0.500000	
-7.719060	155.053955	0.500000	
-7.733534	155.101807	0.500000	
-7.748008	155.149673	0.500000	
-7.762482	155.197525	0.500000	
-7.776956	155.245392	0.500000	
-7.791429	155.293243	0.500000	
-7.805903	155.341095	0.500000	
-7.820377	155.388962	0.500000	
-7.834851	155.436813	0.500000	
-7.849325	155.484680	0.500000	
-7.863798	155.532532	0.500000	
-7.878272	155.580399	0.500000	
-7.892745	155.628250	0.500000	
-7.907219	155.676117	0.500000	
-7.921692	155.723969	0.500000	
-7.936166	155.771820	0.500000	
-7.950640	155.819687	0.500000	
-7.965114	155.867554	0.500000	
-7.979588	155.915405	0.500000	
-7.994062	155.963257	0.500000	
-8.008535	156.011124	0.500000	
-8.023009	156.058975	0.500000	
-8.037483	156.106842	0.500000	
-8.051957	156.154694	0.500000	
-8.066431	156.202560	0.500000	
-8.080905	156.250412	0.500000	
-8.095379	156.298279	0.500000	
-8.109852	156.346130	0.500000	
-8.124326	156.393997	0.500000	
-8.138799	156.441849	0.500000	
-8.153273	156.489700	0.500000	
-8.167747	156.537567	0.500000	
-8.182220	156.585419	0.500000	
-8.196694	156.633286	0.500000	
-8.211168	156.681137	0.500000	
-8.225642	156.729004	0.500000	
-8.240115	156.776855	0.500000	
-8.254589	156.824722	0.500000	
-8.269063	156.872574	0.500000	
-8.283537	156.920441	0.500000	
-8.298011	156.968292	0.500000	
-8.312485	157.016144	0.500000	
-8.326958	157.064011	0.500000	
-8.341432	157.111862	0.500000	
-8.355906	157.159729	0.500000	
-8.370379	157.207581	0.500000	
-8.384852	157.255447	0.500000	
-8.399326	157.303299	0.500000	
-8.413800	157.351166	0.500000	
-8.428274	157.399017	0.500000	
-8.442748	157.446869	0.500000	
-8.457221	157.494736	0.500000	
-8.471695	157.542587	0.500000	
-8.486169	157.590454	0.500000	
-8.500643	157.638306	0.500000	
-8.515117	157.686172	0.500000	
-8.529591	157.734024	0.500000	
-8.544064	157.781891	0.500000	
-8.558537	157.829742	0.500000	
-8.573011	157.877594	0.500000	
-8.587485	157.925461	0.500000	
-8.601959	157.973328	0.500000	
-8.616433	158.021179	0.500000	
-8.630907	158.069031	0.500000	
-8.645380	158.116898	0.500000	
-8.659854	158.164749	0.500000	
-8.674327	158.212616	0.500000	
-8.688801	158.260468	0.500000	
-8.703275	158.308334	0.500000	
-8.717749	158.356186	0.500000	
-8.732223	158.404053	0.500000	
-8.746696	158.451904	0.500000	
-8.761170	158.499756	0.500000	
-8.775643	158.547623	0.500000	
-8.790117	158.595474	0.500000	
-8.804591	158.643341	0.500000	
-8.819065	158.691193	0.500000	
-8.833539	158.739059	0.500000	
-8.848013	158.786911	0.500000	
-8.862486	158.834778	0.500000	
-8.876960	158.882629	0.500000	
-8.891434	158.930481	0.500000	
-8.905907	158.978348	0.500000	
-8.920381	159.026215	0.500000	
-8.934855	159.074066	0.500000	
-8.949328	159.121918	0.500000	
-8.963802	159.169785	0.500000	
-8.978276	159.217636	0.500000	
-8.992749	159.265503	0.500000	
-9.007223	159.313354	0.500000	
-9.021697	159.361206	0.500000	
-9.036171	159.409073	0.500000	
-9.050645	159.456940	0.500000	
-9.065119	159.504791	0.500000	
-9.079593	159.552643	0.500000	
-9.094066	159.600510	0.500000	
-9.108540	159.648376	0.500000	
-9.123013	159.696228	0.500000	
-9.137487	159.744080	0.500000	
-9.151961	159.791946	0.500000	
-9.166434	159.839798	0.500000	
-9.180908	159.887665	0.500000	
-9.195382	159.935516	0.500000	
-9.209855	159.983368	0.500000	
-9.224329	160.031235	0.500000	
-9.238803	160.079102	0.500000	
-9.253277	160.126953	0.500000	
-9.267751	160.174805	0.500000	
-9.282225	160.222672	0.500000	
-9.296699	160.270523	0.500000	
-9.311172	160.318390	0.500000	
-9.325645	160.366241	0.500000	
-9.340119	160.414108	0.500000	
-9.354593	160.461960	0.500000	
-9.369067	160.509827	0.500000	
-9.383541	160.557678	0.500000	
-9.398014	160.605530	0.500000	
-9.412488	160.653397	0.500000	
-9.426961	160.701248	0.500000	
-9.441435	160.749115	0.500000	
-9.455909	160.796967	0.500000	
-9.470383	160.844833	0.500000	
-9.484857	160.892685	0.500000	
-9.499331	160.940552	0.500000	
-9.513804	160.988403	0.500000	
-9.528277	161.036255	0.500000	
-9.542751	161.084122	0.500000	
-9.557225	161.131989	0.500000	
-9.571699	161.179840	0.500000	
-9.586173	161.227692	0.500000	
-9.600647	161.275558	0.500000	
-9.615121	161.323410	0.500000	
-9.629594	161.371277	0.500000	
-9.644068	161.419128	0.500000	
-9.658542	161.466980	0.500000	
-9.673016	161.514847	0.500000	
-9.687490	161.562714	0.500000	
-9.701962	161.610565	0.500000	
-9.716436	161.658417	0.500000	
-9.730910	161.706284	0.500000	
-9.745383	161.754135	0.500000	
-9.759857	161.802002	0.500000	
-9.774331	161.849854	0.500000	
-9.788805	161.897705	0.500000	
-9.803279	161.945572	0.500000	
-9.817753	161.993439	0.500000	
-9.832227	162.041290	0.500000	
-9.846700	162.089142	0.500000	
-9.861174	162.137009	0.500000	
-9.875648	162.184875	0.500000	
-9.890121	162.232727	0.500000	
-9.904595	162.280579	0.500000	
-9.919069	162.328445	0.500000	
-9.933542	162.376297	0.500000	
-9.948016	162.424164	0.500000	
-9.962489	162.472015	0.500000	
-9.976963	162.519882	0.500000	
-9.991437	162.567734	0.500000	
-10.005911	162.615601	0.500000	
-10.020385	162.663452	0.500000	
-10.034859	162.711304	0.500000	
-10.049333	162.759171	0.500000	
-10.063806	162.807022	0.500000	
-10.078279	162.854889	0.500000	
-10.092753	162.902740	0.500000	
-10.107227	162.950607	0.500000	
-10.121701	162.998459	0.500000	
-10.136175	163.046326	0.500000	
-10.150649	163.094177	0.500000	
-10.165122	163.142029	0.500000	
-10.179596	163.189896	0.500000	
-10.194070	163.237747	0.500000	
-10.208544	163.285614	0.500000	
-10.223018	163.333466	0.500000	
-10.237492	163.381332	0.500000	
-10.251965	163.429184	0.500000	
-10.266438	163.477051	0.500000	
-10.280912	163.524902	0.500000	
-10.295386	163.572754	0.500000	
-10.309860	163.620621	0.500000	
-10.324334	163.668488	0.500000	
-10.338808	163.716339	0.500000	
-10.353280	163.764191	0.500000	
-10.367754	163.812057	0.500000	
-10.382228	163.859909	0.500000	
-10.396702	163.907776	0.500000	
-10.411175	163.955627	0.500000	
-10.425649	164.003479	0.500000	
-10.440123	164.051346	0.500000	
-10.454597	164.099213	0.500000	
-10.469070	164.147064	0.500000	
-10.483544	164.194916	0.500000	
-10.498017	164.242783	0.500000	
-10.512491	164.290649	0.500000	
-10.526965	164.338501	0.500000	
-10.541439	164.386353	0.500000	
-10.555913	164.434219	0.500000	
-10.570387	164.482071	0.500000	
-10.584861	164.529938	0.500000	
-10.599334	164.577789	0.500000	
-10.613808	164.625641	0.500000	
-10.628282	164.673508	0.500000	
-10.642756	164.721375	0.500000	
-10.657229	164.769226	0.500000	
-10.671703	164.817078	0.500000	
-10.686177	164.864944	0.500000	
-10.700650	164.912796	0.500000	
-10.715124	164.960663	0.500000	
-10.729598	165.008514	0.500000	
-10.744072	165.056381	0.500000	
-10.758546	165.104233	0.500000	
-10.773020	165.152100	0.500000	
-10.787493	165.199951	0.500000	
-10.801967	165.247803	0.500000	
-10.816441	165.295670	0.500000	
-10.830914	165.343521	0.500000	
-10.845388	165.391388	0.500000	
-10.859862	165.439240	0.500000	
-10.874334	165.487106	0.500000	
-10.888808	165.534958	0.500000	
-10.903282	165.582825	0.500000	
-10.917756	165.630676	0.500000	
-10.932230	165.678528	0.500000	
-10.946703	165.726395	0.500000	
-10.961177	165.774261	0.500000	
-10.975651	165.822113	0.500000	
-10.990125	165.869965	0.500000	
-11.004599	165.917831	0.500000	
-11.019073	165.965683	0.500000	
-11.033546	166.013550	0.500000	
-11.048019	166.061401	0.500000	
-11.062493	166.109253	0.500000	
-11.076967	166.157120	0.500000	
-11.091441	166.204987	0.500000	
-11.105915	166.252838	0.500000	
-11.120389	166.300690	0.500000	
-11.134862	166.348557	0.500000	
-11.149336	166.396408	0.500000	
-11.163810	166.444275	0.500000	
-11.178284	166.492126	0.500000	
-11.192758	166.539993	0.500000	
-11.207232	166.587845	0.500000	
-11.221705	166.635712	0.500000	
-11.236178	166.683563	0.500000	
-11.250652	166.731415	0.500000	
-11.265126	166.779282	0.500000	
-11.279600	166.827148	0.500000	
-11.294074	166.875000	0.500000	
-11.308548	166.922852	0.500000	
-11.323022	166.970718	0.500000	
-11.337495	167.018570	0.500000	
-11.351969	167.066437	0.500000	
-11.366443	167.114288	0.500000	
-11.380917	167.162155	0.500000	
-11.395389	167.210007	0.500000	
-11.409863	167.257874	0.500000	
-11.424336	167.305725	0.500000	
-11.438810	167.353577	0.500000	
-11.453284	167.401443	0.500000	
-11.467758	167.449295	0.500000	
-11.482231	167.497162	0.500000	
-11.496705	167.545013	0.500000	
-11.511179	167.592880	0.500000	
-11.525653	167.640732	0.500000	
-11.540127	167.688599	0.500000	
-11.554601	167.736450	0.500000	
-11.569075	167.784302	0.500000	
-11.583548	167.832169	0.500000	
-11.598022	167.880035	0.500000	
-11.612495	167.927887	0.500000	
-11.626969	167.975739	0.500000	
-11.641443	168.023605	0.500000	
-11.655917	168.071457	0.500000	
-11.670390	168.119324	0.500000	
-11.684864	168.167175	0.500000	
-11.698977	168.213837	0.487500	
-11.712727	168.259308	0.475000	
-11.726115	168.303574	0.462500	
-11.739141	168.346649	0.450000	
-11.751806	168.388519	0.437500	
-11.764109	168.429199	0.425000	
-11.776050	168.468689	0.412500	
-11.787629	168.506973	0.400000	
-11.798846	168.544067	0.387500	
-11.809702	168.579956	0.375000	
-11.820195	168.614655	0.362500	
-11.830327	168.648163	0.350000	
-11.840097	168.680466	0.337500	
-11.849505	168.711578	0.325000	
-11.858552	168.741486	0.312500	
-11.867236	168.770203	0.300000	
-11.875559	168.797714	0.287500	
-11.883519	168.824051	0.275000	
-11.891118	168.849167	0.262500	
-11.898355	168.873093	0.250000	
-11.905231	168.895828	0.237500	
-11.911743	168.917374	0.225000	
-11.917894	168.937714	0.212500	
-11.923684	168.956848	0.200000	
-11.929112	168.974792	0.187500	
-11.934178	168.991547	0.175000	
-11.938882	169.007111	0.162500	
-11.943224	169.021469	0.150000	
-11.947205	169.034622	0.137500	
-11.950823	169.046585	0.125000	
-11.954080	169.057358	0.112500	
-11.956975	169.066925	0.100000	
-11.959508	169.075302	0.087500	
-11.961679	169.082489	0.075000	
-11.963488	169.088470	0.062500	
-11.964935	169.093246	0.050000	
-11.966021	169.096848	0.037500	
-11.966744	169.099228	0.025000	
-11.967107	169.100433	0.012500	
-11.967107	169.100433	0.000000	
